"GEO_ID","NAME","S2301_C01_001E","S2301_C01_001M","S2301_C01_002E","S2301_C01_002M","S2301_C01_003E","S2301_C01_003M","S2301_C01_004E","S2301_C01_004M","S2301_C01_005E","S2301_C01_005M","S2301_C01_006E","S2301_C01_006M","S2301_C01_007E","S2301_C01_007M","S2301_C01_008E","S2301_C01_008M","S2301_C01_009E","S2301_C01_009M","S2301_C01_010E","S2301_C01_010M","S2301_C01_011E","S2301_C01_011M","S2301_C01_012E","S2301_C01_012M","S2301_C01_013E","S2301_C01_013M","S2301_C01_014E","S2301_C01_014M","S2301_C01_015E","S2301_C01_015M","S2301_C01_016E","S2301_C01_016M","S2301_C01_017E","S2301_C01_017M","S2301_C01_018E","S2301_C01_018M","S2301_C01_019E","S2301_C01_019M","S2301_C01_020E","S2301_C01_020M","S2301_C01_021E","S2301_C01_021M","S2301_C01_022E","S2301_C01_022M","S2301_C01_023E","S2301_C01_023M","S2301_C01_024E","S2301_C01_024M","S2301_C01_025E","S2301_C01_025M","S2301_C01_026E","S2301_C01_026M","S2301_C01_027E","S2301_C01_027M","S2301_C01_028E","S2301_C01_028M","S2301_C01_029E","S2301_C01_029M","S2301_C01_030E","S2301_C01_030M","S2301_C01_031E","S2301_C01_031M","S2301_C01_032E","S2301_C01_032M","S2301_C01_033E","S2301_C01_033M","S2301_C01_034E","S2301_C01_034M","S2301_C01_035E","S2301_C01_035M","S2301_C02_001E","S2301_C02_001M","S2301_C02_002E","S2301_C02_002M","S2301_C02_003E","S2301_C02_003M","S2301_C02_004E","S2301_C02_004M","S2301_C02_005E","S2301_C02_005M","S2301_C02_006E","S2301_C02_006M","S2301_C02_007E","S2301_C02_007M","S2301_C02_008E","S2301_C02_008M","S2301_C02_009E","S2301_C02_009M","S2301_C02_010E","S2301_C02_010M","S2301_C02_011E","S2301_C02_011M","S2301_C02_012E","S2301_C02_012M","S2301_C02_013E","S2301_C02_013M","S2301_C02_014E","S2301_C02_014M","S2301_C02_015E","S2301_C02_015M","S2301_C02_016E","S2301_C02_016M","S2301_C02_017E","S2301_C02_017M","S2301_C02_018E","S2301_C02_018M","S2301_C02_019E","S2301_C02_019M","S2301_C02_020E","S2301_C02_020M","S2301_C02_021E","S2301_C02_021M","S2301_C02_022E","S2301_C02_022M","S2301_C02_023E","S2301_C02_023M","S2301_C02_024E","S2301_C02_024M","S2301_C02_025E","S2301_C02_025M","S2301_C02_026E","S2301_C02_026M","S2301_C02_027E","S2301_C02_027M","S2301_C02_028E","S2301_C02_028M","S2301_C02_029E","S2301_C02_029M","S2301_C02_030E","S2301_C02_030M","S2301_C02_031E","S2301_C02_031M","S2301_C02_032E","S2301_C02_032M","S2301_C02_033E","S2301_C02_033M","S2301_C02_034E","S2301_C02_034M","S2301_C02_035E","S2301_C02_035M","S2301_C03_001E","S2301_C03_001M","S2301_C03_002E","S2301_C03_002M","S2301_C03_003E","S2301_C03_003M","S2301_C03_004E","S2301_C03_004M","S2301_C03_005E","S2301_C03_005M","S2301_C03_006E","S2301_C03_006M","S2301_C03_007E","S2301_C03_007M","S2301_C03_008E","S2301_C03_008M","S2301_C03_009E","S2301_C03_009M","S2301_C03_010E","S2301_C03_010M","S2301_C03_011E","S2301_C03_011M","S2301_C03_012E","S2301_C03_012M","S2301_C03_013E","S2301_C03_013M","S2301_C03_014E","S2301_C03_014M","S2301_C03_015E","S2301_C03_015M","S2301_C03_016E","S2301_C03_016M","S2301_C03_017E","S2301_C03_017M","S2301_C03_018E","S2301_C03_018M","S2301_C03_019E","S2301_C03_019M","S2301_C03_020E","S2301_C03_020M","S2301_C03_021E","S2301_C03_021M","S2301_C03_022E","S2301_C03_022M","S2301_C03_023E","S2301_C03_023M","S2301_C03_024E","S2301_C03_024M","S2301_C03_025E","S2301_C03_025M","S2301_C03_026E","S2301_C03_026M","S2301_C03_027E","S2301_C03_027M","S2301_C03_028E","S2301_C03_028M","S2301_C03_029E","S2301_C03_029M","S2301_C03_030E","S2301_C03_030M","S2301_C03_031E","S2301_C03_031M","S2301_C03_032E","S2301_C03_032M","S2301_C03_033E","S2301_C03_033M","S2301_C03_034E","S2301_C03_034M","S2301_C03_035E","S2301_C03_035M","S2301_C04_001E","S2301_C04_001M","S2301_C04_002E","S2301_C04_002M","S2301_C04_003E","S2301_C04_003M","S2301_C04_004E","S2301_C04_004M","S2301_C04_005E","S2301_C04_005M","S2301_C04_006E","S2301_C04_006M","S2301_C04_007E","S2301_C04_007M","S2301_C04_008E","S2301_C04_008M","S2301_C04_009E","S2301_C04_009M","S2301_C04_010E","S2301_C04_010M","S2301_C04_011E","S2301_C04_011M","S2301_C04_012E","S2301_C04_012M","S2301_C04_013E","S2301_C04_013M","S2301_C04_014E","S2301_C04_014M","S2301_C04_015E","S2301_C04_015M","S2301_C04_016E","S2301_C04_016M","S2301_C04_017E","S2301_C04_017M","S2301_C04_018E","S2301_C04_018M","S2301_C04_019E","S2301_C04_019M","S2301_C04_020E","S2301_C04_020M","S2301_C04_021E","S2301_C04_021M","S2301_C04_022E","S2301_C04_022M","S2301_C04_023E","S2301_C04_023M","S2301_C04_024E","S2301_C04_024M","S2301_C04_025E","S2301_C04_025M","S2301_C04_026E","S2301_C04_026M","S2301_C04_027E","S2301_C04_027M","S2301_C04_028E","S2301_C04_028M","S2301_C04_029E","S2301_C04_029M","S2301_C04_030E","S2301_C04_030M","S2301_C04_031E","S2301_C04_031M","S2301_C04_032E","S2301_C04_032M","S2301_C04_033E","S2301_C04_033M","S2301_C04_034E","S2301_C04_034M","S2301_C04_035E","S2301_C04_035M",
"Geography","Geographic Area Name","Estimate!!Total!!Population 16 years and over","Margin of Error!!Total!!Population 16 years and over","Estimate!!Total!!Population 16 years and over!!AGE!!16 to 19 years","Margin of Error!!Total!!Population 16 years and over!!AGE!!16 to 19 years","Estimate!!Total!!Population 16 years and over!!AGE!!20 to 24 years","Margin of Error!!Total!!Population 16 years and over!!AGE!!20 to 24 years","Estimate!!Total!!Population 16 years and over!!AGE!!25 to 29 years","Margin of Error!!Total!!Population 16 years and over!!AGE!!25 to 29 years","Estimate!!Total!!Population 16 years and over!!AGE!!30 to 34 years","Margin of Error!!Total!!Population 16 years and over!!AGE!!30 to 34 years","Estimate!!Total!!Population 16 years and over!!AGE!!35 to 44 years","Margin of Error!!Total!!Population 16 years and over!!AGE!!35 to 44 years","Estimate!!Total!!Population 16 years and over!!AGE!!45 to 54 years","Margin of Error!!Total!!Population 16 years and over!!AGE!!45 to 54 years","Estimate!!Total!!Population 16 years and over!!AGE!!55 to 59 years","Margin of Error!!Total!!Population 16 years and over!!AGE!!55 to 59 years","Estimate!!Total!!Population 16 years and over!!AGE!!60 to 64 years","Margin of Error!!Total!!Population 16 years and over!!AGE!!60 to 64 years","Estimate!!Total!!Population 16 years and over!!AGE!!65 to 74 years","Margin of Error!!Total!!Population 16 years and over!!AGE!!65 to 74 years","Estimate!!Total!!Population 16 years and over!!AGE!!75 years and over","Margin of Error!!Total!!Population 16 years and over!!AGE!!75 years and over","Estimate!!Total!!Population 16 years and over!!RACE AND HISPANIC OR LATINO ORIGIN!!White alone","Margin of Error!!Total!!Population 16 years and over!!RACE AND HISPANIC OR LATINO ORIGIN!!White alone","Estimate!!Total!!Population 16 years and over!!RACE AND HISPANIC OR LATINO ORIGIN!!Black or African American alone","Margin of Error!!Total!!Population 16 years and over!!RACE AND HISPANIC OR LATINO ORIGIN!!Black or African American alone","Estimate!!Total!!Population 16 years and over!!RACE AND HISPANIC OR LATINO ORIGIN!!American Indian and Alaska Native alone","Margin of Error!!Total!!Population 16 years and over!!RACE AND HISPANIC OR LATINO ORIGIN!!American Indian and Alaska Native alone","Estimate!!Total!!Population 16 years and over!!RACE AND HISPANIC OR LATINO ORIGIN!!Asian alone","Margin of Error!!Total!!Population 16 years and over!!RACE AND HISPANIC OR LATINO ORIGIN!!Asian alone","Estimate!!Total!!Population 16 years and over!!RACE AND HISPANIC OR LATINO ORIGIN!!Native Hawaiian and Other Pacific Islander alone","Margin of Error!!Total!!Population 16 years and over!!RACE AND HISPANIC OR LATINO ORIGIN!!Native Hawaiian and Other Pacific Islander alone","Estimate!!Total!!Population 16 years and over!!RACE AND HISPANIC OR LATINO ORIGIN!!Some other race alone","Margin of Error!!Total!!Population 16 years and over!!RACE AND HISPANIC OR LATINO ORIGIN!!Some other race alone","Estimate!!Total!!Population 16 years and over!!RACE AND HISPANIC OR LATINO ORIGIN!!Two or more races","Margin of Error!!Total!!Population 16 years and over!!RACE AND HISPANIC OR LATINO ORIGIN!!Two or more races","Estimate!!Total!!Population 16 years and over!!RACE AND HISPANIC OR LATINO ORIGIN!!Hispanic or Latino origin (of any race)","Margin of Error!!Total!!Population 16 years and over!!RACE AND HISPANIC OR LATINO ORIGIN!!Hispanic or Latino origin (of any race)","Estimate!!Total!!Population 16 years and over!!RACE AND HISPANIC OR LATINO ORIGIN!!White alone, not Hispanic or Latino","Margin of Error!!Total!!Population 16 years and over!!RACE AND HISPANIC OR LATINO ORIGIN!!White alone, not Hispanic or Latino","Estimate!!Total!!Population 20 to 64 years","Margin of Error!!Total!!Population 20 to 64 years","Estimate!!Total!!Population 20 to 64 years!!SEX!!Male","Margin of Error!!Total!!Population 20 to 64 years!!SEX!!Male","Estimate!!Total!!Population 20 to 64 years!!SEX!!Female","Margin of Error!!Total!!Population 20 to 64 years!!SEX!!Female","Estimate!!Total!!Population 20 to 64 years!!SEX!!Female!!With own children under 18 years","Margin of Error!!Total!!Population 20 to 64 years!!SEX!!Female!!With own children under 18 years","Estimate!!Total!!Population 20 to 64 years!!SEX!!Female!!With own children under 18 years!!With own children under 6 years only","Margin of Error!!Total!!Population 20 to 64 years!!SEX!!Female!!With own children under 18 years!!With own children under 6 years only","Estimate!!Total!!Population 20 to 64 years!!SEX!!Female!!With own children under 18 years!!With own children under 6 years and 6 to 17  years","Margin of Error!!Total!!Population 20 to 64 years!!SEX!!Female!!With own children under 18 years!!With own children under 6 years and 6 to 17  years","Estimate!!Total!!Population 20 to 64 years!!SEX!!Female!!With own children under 18 years!!With own children 6 to 17 years only","Margin of Error!!Total!!Population 20 to 64 years!!SEX!!Female!!With own children under 18 years!!With own children 6 to 17 years only","Estimate!!Total!!Population 20 to 64 years!!POVERTY STATUS IN THE PAST 12 MONTHS!!Below poverty level","Margin of Error!!Total!!Population 20 to 64 years!!POVERTY STATUS IN THE PAST 12 MONTHS!!Below poverty level","Estimate!!Total!!Population 20 to 64 years!!POVERTY STATUS IN THE PAST 12 MONTHS!!At or above the poverty level","Margin of Error!!Total!!Population 20 to 64 years!!POVERTY STATUS IN THE PAST 12 MONTHS!!At or above the poverty level","Estimate!!Total!!Population 20 to 64 years!!DISABILITY STATUS!!With any disability","Margin of Error!!Total!!Population 20 to 64 years!!DISABILITY STATUS!!With any disability","Estimate!!Total!!EDUCATIONAL ATTAINMENT!!Population 25 to 64 years","Margin of Error!!Total!!EDUCATIONAL ATTAINMENT!!Population 25 to 64 years","Estimate!!Total!!EDUCATIONAL ATTAINMENT!!Population 25 to 64 years!!Less than high school graduate","Margin of Error!!Total!!EDUCATIONAL ATTAINMENT!!Population 25 to 64 years!!Less than high school graduate","Estimate!!Total!!EDUCATIONAL ATTAINMENT!!Population 25 to 64 years!!High school graduate (includes equivalency)","Margin of Error!!Total!!EDUCATIONAL ATTAINMENT!!Population 25 to 64 years!!High school graduate (includes equivalency)","Estimate!!Total!!EDUCATIONAL ATTAINMENT!!Population 25 to 64 years!!Some college or associate's degree","Margin of Error!!Total!!EDUCATIONAL ATTAINMENT!!Population 25 to 64 years!!Some college or associate's degree","Estimate!!Total!!EDUCATIONAL ATTAINMENT!!Population 25 to 64 years!!Bachelor's degree or higher","Margin of Error!!Total!!EDUCATIONAL ATTAINMENT!!Population 25 to 64 years!!Bachelor's degree or higher","Estimate!!Labor Force Participation Rate!!Population 16 years and over","Margin of Error!!Labor Force Participation Rate!!Population 16 years and over","Estimate!!Labor Force Participation Rate!!Population 16 years and over!!AGE!!16 to 19 years","Margin of Error!!Labor Force Participation Rate!!Population 16 years and over!!AGE!!16 to 19 years","Estimate!!Labor Force Participation Rate!!Population 16 years and over!!AGE!!20 to 24 years","Margin of Error!!Labor Force Participation Rate!!Population 16 years and over!!AGE!!20 to 24 years","Estimate!!Labor Force Participation Rate!!Population 16 years and over!!AGE!!25 to 29 years","Margin of Error!!Labor Force Participation Rate!!Population 16 years and over!!AGE!!25 to 29 years","Estimate!!Labor Force Participation Rate!!Population 16 years and over!!AGE!!30 to 34 years","Margin of Error!!Labor Force Participation Rate!!Population 16 years and over!!AGE!!30 to 34 years","Estimate!!Labor Force Participation Rate!!Population 16 years and over!!AGE!!35 to 44 years","Margin of Error!!Labor Force Participation Rate!!Population 16 years and over!!AGE!!35 to 44 years","Estimate!!Labor Force Participation Rate!!Population 16 years and over!!AGE!!45 to 54 years","Margin of Error!!Labor Force Participation Rate!!Population 16 years and over!!AGE!!45 to 54 years","Estimate!!Labor Force Participation Rate!!Population 16 years and over!!AGE!!55 to 59 years","Margin of Error!!Labor Force Participation Rate!!Population 16 years and over!!AGE!!55 to 59 years","Estimate!!Labor Force Participation Rate!!Population 16 years and over!!AGE!!60 to 64 years","Margin of Error!!Labor Force Participation Rate!!Population 16 years and over!!AGE!!60 to 64 years","Estimate!!Labor Force Participation Rate!!Population 16 years and over!!AGE!!65 to 74 years","Margin of Error!!Labor Force Participation Rate!!Population 16 years and over!!AGE!!65 to 74 years","Estimate!!Labor Force Participation Rate!!Population 16 years and over!!AGE!!75 years and over","Margin of Error!!Labor Force Participation Rate!!Population 16 years and over!!AGE!!75 years and over","Estimate!!Labor Force Participation Rate!!Population 16 years and over!!RACE AND HISPANIC OR LATINO ORIGIN!!White alone","Margin of Error!!Labor Force Participation Rate!!Population 16 years and over!!RACE AND HISPANIC OR LATINO ORIGIN!!White alone","Estimate!!Labor Force Participation Rate!!Population 16 years and over!!RACE AND HISPANIC OR LATINO ORIGIN!!Black or African American alone","Margin of Error!!Labor Force Participation Rate!!Population 16 years and over!!RACE AND HISPANIC OR LATINO ORIGIN!!Black or African American alone","Estimate!!Labor Force Participation Rate!!Population 16 years and over!!RACE AND HISPANIC OR LATINO ORIGIN!!American Indian and Alaska Native alone","Margin of Error!!Labor Force Participation Rate!!Population 16 years and over!!RACE AND HISPANIC OR LATINO ORIGIN!!American Indian and Alaska Native alone","Estimate!!Labor Force Participation Rate!!Population 16 years and over!!RACE AND HISPANIC OR LATINO ORIGIN!!Asian alone","Margin of Error!!Labor Force Participation Rate!!Population 16 years and over!!RACE AND HISPANIC OR LATINO ORIGIN!!Asian alone","Estimate!!Labor Force Participation Rate!!Population 16 years and over!!RACE AND HISPANIC OR LATINO ORIGIN!!Native Hawaiian and Other Pacific Islander alone","Margin of Error!!Labor Force Participation Rate!!Population 16 years and over!!RACE AND HISPANIC OR LATINO ORIGIN!!Native Hawaiian and Other Pacific Islander alone","Estimate!!Labor Force Participation Rate!!Population 16 years and over!!RACE AND HISPANIC OR LATINO ORIGIN!!Some other race alone","Margin of Error!!Labor Force Participation Rate!!Population 16 years and over!!RACE AND HISPANIC OR LATINO ORIGIN!!Some other race alone","Estimate!!Labor Force Participation Rate!!Population 16 years and over!!RACE AND HISPANIC OR LATINO ORIGIN!!Two or more races","Margin of Error!!Labor Force Participation Rate!!Population 16 years and over!!RACE AND HISPANIC OR LATINO ORIGIN!!Two or more races","Estimate!!Labor Force Participation Rate!!Population 16 years and over!!RACE AND HISPANIC OR LATINO ORIGIN!!Hispanic or Latino origin (of any race)","Margin of Error!!Labor Force Participation Rate!!Population 16 years and over!!RACE AND HISPANIC OR LATINO ORIGIN!!Hispanic or Latino origin (of any race)","Estimate!!Labor Force Participation Rate!!Population 16 years and over!!RACE AND HISPANIC OR LATINO ORIGIN!!White alone, not Hispanic or Latino","Margin of Error!!Labor Force Participation Rate!!Population 16 years and over!!RACE AND HISPANIC OR LATINO ORIGIN!!White alone, not Hispanic or Latino","Estimate!!Labor Force Participation Rate!!Population 20 to 64 years","Margin of Error!!Labor Force Participation Rate!!Population 20 to 64 years","Estimate!!Labor Force Participation Rate!!Population 20 to 64 years!!SEX!!Male","Margin of Error!!Labor Force Participation Rate!!Population 20 to 64 years!!SEX!!Male","Estimate!!Labor Force Participation Rate!!Population 20 to 64 years!!SEX!!Female","Margin of Error!!Labor Force Participation Rate!!Population 20 to 64 years!!SEX!!Female","Estimate!!Labor Force Participation Rate!!Population 20 to 64 years!!SEX!!Female!!With own children under 18 years","Margin of Error!!Labor Force Participation Rate!!Population 20 to 64 years!!SEX!!Female!!With own children under 18 years","Estimate!!Labor Force Participation Rate!!Population 20 to 64 years!!SEX!!Female!!With own children under 18 years!!With own children under 6 years only","Margin of Error!!Labor Force Participation Rate!!Population 20 to 64 years!!SEX!!Female!!With own children under 18 years!!With own children under 6 years only","Estimate!!Labor Force Participation Rate!!Population 20 to 64 years!!SEX!!Female!!With own children under 18 years!!With own children under 6 years and 6 to 17  years","Margin of Error!!Labor Force Participation Rate!!Population 20 to 64 years!!SEX!!Female!!With own children under 18 years!!With own children under 6 years and 6 to 17  years","Estimate!!Labor Force Participation Rate!!Population 20 to 64 years!!SEX!!Female!!With own children under 18 years!!With own children 6 to 17 years only","Margin of Error!!Labor Force Participation Rate!!Population 20 to 64 years!!SEX!!Female!!With own children under 18 years!!With own children 6 to 17 years only","Estimate!!Labor Force Participation Rate!!Population 20 to 64 years!!POVERTY STATUS IN THE PAST 12 MONTHS!!Below poverty level","Margin of Error!!Labor Force Participation Rate!!Population 20 to 64 years!!POVERTY STATUS IN THE PAST 12 MONTHS!!Below poverty level","Estimate!!Labor Force Participation Rate!!Population 20 to 64 years!!POVERTY STATUS IN THE PAST 12 MONTHS!!At or above the poverty level","Margin of Error!!Labor Force Participation Rate!!Population 20 to 64 years!!POVERTY STATUS IN THE PAST 12 MONTHS!!At or above the poverty level","Estimate!!Labor Force Participation Rate!!Population 20 to 64 years!!DISABILITY STATUS!!With any disability","Margin of Error!!Labor Force Participation Rate!!Population 20 to 64 years!!DISABILITY STATUS!!With any disability","Estimate!!Labor Force Participation Rate!!EDUCATIONAL ATTAINMENT!!Population 25 to 64 years","Margin of Error!!Labor Force Participation Rate!!EDUCATIONAL ATTAINMENT!!Population 25 to 64 years","Estimate!!Labor Force Participation Rate!!EDUCATIONAL ATTAINMENT!!Population 25 to 64 years!!Less than high school graduate","Margin of Error!!Labor Force Participation Rate!!EDUCATIONAL ATTAINMENT!!Population 25 to 64 years!!Less than high school graduate","Estimate!!Labor Force Participation Rate!!EDUCATIONAL ATTAINMENT!!Population 25 to 64 years!!High school graduate (includes equivalency)","Margin of Error!!Labor Force Participation Rate!!EDUCATIONAL ATTAINMENT!!Population 25 to 64 years!!High school graduate (includes equivalency)","Estimate!!Labor Force Participation Rate!!EDUCATIONAL ATTAINMENT!!Population 25 to 64 years!!Some college or associate's degree","Margin of Error!!Labor Force Participation Rate!!EDUCATIONAL ATTAINMENT!!Population 25 to 64 years!!Some college or associate's degree","Estimate!!Labor Force Participation Rate!!EDUCATIONAL ATTAINMENT!!Population 25 to 64 years!!Bachelor's degree or higher","Margin of Error!!Labor Force Participation Rate!!EDUCATIONAL ATTAINMENT!!Population 25 to 64 years!!Bachelor's degree or higher","Estimate!!Employment/Population Ratio!!Population 16 years and over","Margin of Error!!Employment/Population Ratio!!Population 16 years and over","Estimate!!Employment/Population Ratio!!Population 16 years and over!!AGE!!16 to 19 years","Margin of Error!!Employment/Population Ratio!!Population 16 years and over!!AGE!!16 to 19 years","Estimate!!Employment/Population Ratio!!Population 16 years and over!!AGE!!20 to 24 years","Margin of Error!!Employment/Population Ratio!!Population 16 years and over!!AGE!!20 to 24 years","Estimate!!Employment/Population Ratio!!Population 16 years and over!!AGE!!25 to 29 years","Margin of Error!!Employment/Population Ratio!!Population 16 years and over!!AGE!!25 to 29 years","Estimate!!Employment/Population Ratio!!Population 16 years and over!!AGE!!30 to 34 years","Margin of Error!!Employment/Population Ratio!!Population 16 years and over!!AGE!!30 to 34 years","Estimate!!Employment/Population Ratio!!Population 16 years and over!!AGE!!35 to 44 years","Margin of Error!!Employment/Population Ratio!!Population 16 years and over!!AGE!!35 to 44 years","Estimate!!Employment/Population Ratio!!Population 16 years and over!!AGE!!45 to 54 years","Margin of Error!!Employment/Population Ratio!!Population 16 years and over!!AGE!!45 to 54 years","Estimate!!Employment/Population Ratio!!Population 16 years and over!!AGE!!55 to 59 years","Margin of Error!!Employment/Population Ratio!!Population 16 years and over!!AGE!!55 to 59 years","Estimate!!Employment/Population Ratio!!Population 16 years and over!!AGE!!60 to 64 years","Margin of Error!!Employment/Population Ratio!!Population 16 years and over!!AGE!!60 to 64 years","Estimate!!Employment/Population Ratio!!Population 16 years and over!!AGE!!65 to 74 years","Margin of Error!!Employment/Population Ratio!!Population 16 years and over!!AGE!!65 to 74 years","Estimate!!Employment/Population Ratio!!Population 16 years and over!!AGE!!75 years and over","Margin of Error!!Employment/Population Ratio!!Population 16 years and over!!AGE!!75 years and over","Estimate!!Employment/Population Ratio!!Population 16 years and over!!RACE AND HISPANIC OR LATINO ORIGIN!!White alone","Margin of Error!!Employment/Population Ratio!!Population 16 years and over!!RACE AND HISPANIC OR LATINO ORIGIN!!White alone","Estimate!!Employment/Population Ratio!!Population 16 years and over!!RACE AND HISPANIC OR LATINO ORIGIN!!Black or African American alone","Margin of Error!!Employment/Population Ratio!!Population 16 years and over!!RACE AND HISPANIC OR LATINO ORIGIN!!Black or African American alone","Estimate!!Employment/Population Ratio!!Population 16 years and over!!RACE AND HISPANIC OR LATINO ORIGIN!!American Indian and Alaska Native alone","Margin of Error!!Employment/Population Ratio!!Population 16 years and over!!RACE AND HISPANIC OR LATINO ORIGIN!!American Indian and Alaska Native alone","Estimate!!Employment/Population Ratio!!Population 16 years and over!!RACE AND HISPANIC OR LATINO ORIGIN!!Asian alone","Margin of Error!!Employment/Population Ratio!!Population 16 years and over!!RACE AND HISPANIC OR LATINO ORIGIN!!Asian alone","Estimate!!Employment/Population Ratio!!Population 16 years and over!!RACE AND HISPANIC OR LATINO ORIGIN!!Native Hawaiian and Other Pacific Islander alone","Margin of Error!!Employment/Population Ratio!!Population 16 years and over!!RACE AND HISPANIC OR LATINO ORIGIN!!Native Hawaiian and Other Pacific Islander alone","Estimate!!Employment/Population Ratio!!Population 16 years and over!!RACE AND HISPANIC OR LATINO ORIGIN!!Some other race alone","Margin of Error!!Employment/Population Ratio!!Population 16 years and over!!RACE AND HISPANIC OR LATINO ORIGIN!!Some other race alone","Estimate!!Employment/Population Ratio!!Population 16 years and over!!RACE AND HISPANIC OR LATINO ORIGIN!!Two or more races","Margin of Error!!Employment/Population Ratio!!Population 16 years and over!!RACE AND HISPANIC OR LATINO ORIGIN!!Two or more races","Estimate!!Employment/Population Ratio!!Population 16 years and over!!RACE AND HISPANIC OR LATINO ORIGIN!!Hispanic or Latino origin (of any race)","Margin of Error!!Employment/Population Ratio!!Population 16 years and over!!RACE AND HISPANIC OR LATINO ORIGIN!!Hispanic or Latino origin (of any race)","Estimate!!Employment/Population Ratio!!Population 16 years and over!!RACE AND HISPANIC OR LATINO ORIGIN!!White alone, not Hispanic or Latino","Margin of Error!!Employment/Population Ratio!!Population 16 years and over!!RACE AND HISPANIC OR LATINO ORIGIN!!White alone, not Hispanic or Latino","Estimate!!Employment/Population Ratio!!Population 20 to 64 years","Margin of Error!!Employment/Population Ratio!!Population 20 to 64 years","Estimate!!Employment/Population Ratio!!Population 20 to 64 years!!SEX!!Male","Margin of Error!!Employment/Population Ratio!!Population 20 to 64 years!!SEX!!Male","Estimate!!Employment/Population Ratio!!Population 20 to 64 years!!SEX!!Female","Margin of Error!!Employment/Population Ratio!!Population 20 to 64 years!!SEX!!Female","Estimate!!Employment/Population Ratio!!Population 20 to 64 years!!SEX!!Female!!With own children under 18 years","Margin of Error!!Employment/Population Ratio!!Population 20 to 64 years!!SEX!!Female!!With own children under 18 years","Estimate!!Employment/Population Ratio!!Population 20 to 64 years!!SEX!!Female!!With own children under 18 years!!With own children under 6 years only","Margin of Error!!Employment/Population Ratio!!Population 20 to 64 years!!SEX!!Female!!With own children under 18 years!!With own children under 6 years only","Estimate!!Employment/Population Ratio!!Population 20 to 64 years!!SEX!!Female!!With own children under 18 years!!With own children under 6 years and 6 to 17  years","Margin of Error!!Employment/Population Ratio!!Population 20 to 64 years!!SEX!!Female!!With own children under 18 years!!With own children under 6 years and 6 to 17  years","Estimate!!Employment/Population Ratio!!Population 20 to 64 years!!SEX!!Female!!With own children under 18 years!!With own children 6 to 17 years only","Margin of Error!!Employment/Population Ratio!!Population 20 to 64 years!!SEX!!Female!!With own children under 18 years!!With own children 6 to 17 years only","Estimate!!Employment/Population Ratio!!Population 20 to 64 years!!POVERTY STATUS IN THE PAST 12 MONTHS!!Below poverty level","Margin of Error!!Employment/Population Ratio!!Population 20 to 64 years!!POVERTY STATUS IN THE PAST 12 MONTHS!!Below poverty level","Estimate!!Employment/Population Ratio!!Population 20 to 64 years!!POVERTY STATUS IN THE PAST 12 MONTHS!!At or above the poverty level","Margin of Error!!Employment/Population Ratio!!Population 20 to 64 years!!POVERTY STATUS IN THE PAST 12 MONTHS!!At or above the poverty level","Estimate!!Employment/Population Ratio!!Population 20 to 64 years!!DISABILITY STATUS!!With any disability","Margin of Error!!Employment/Population Ratio!!Population 20 to 64 years!!DISABILITY STATUS!!With any disability","Estimate!!Employment/Population Ratio!!EDUCATIONAL ATTAINMENT!!Population 25 to 64 years","Margin of Error!!Employment/Population Ratio!!EDUCATIONAL ATTAINMENT!!Population 25 to 64 years","Estimate!!Employment/Population Ratio!!EDUCATIONAL ATTAINMENT!!Population 25 to 64 years!!Less than high school graduate","Margin of Error!!Employment/Population Ratio!!EDUCATIONAL ATTAINMENT!!Population 25 to 64 years!!Less than high school graduate","Estimate!!Employment/Population Ratio!!EDUCATIONAL ATTAINMENT!!Population 25 to 64 years!!High school graduate (includes equivalency)","Margin of Error!!Employment/Population Ratio!!EDUCATIONAL ATTAINMENT!!Population 25 to 64 years!!High school graduate (includes equivalency)","Estimate!!Employment/Population Ratio!!EDUCATIONAL ATTAINMENT!!Population 25 to 64 years!!Some college or associate's degree","Margin of Error!!Employment/Population Ratio!!EDUCATIONAL ATTAINMENT!!Population 25 to 64 years!!Some college or associate's degree","Estimate!!Employment/Population Ratio!!EDUCATIONAL ATTAINMENT!!Population 25 to 64 years!!Bachelor's degree or higher","Margin of Error!!Employment/Population Ratio!!EDUCATIONAL ATTAINMENT!!Population 25 to 64 years!!Bachelor's degree or higher","Estimate!!Unemployment rate!!Population 16 years and over","Margin of Error!!Unemployment rate!!Population 16 years and over","Estimate!!Unemployment rate!!Population 16 years and over!!AGE!!16 to 19 years","Margin of Error!!Unemployment rate!!Population 16 years and over!!AGE!!16 to 19 years","Estimate!!Unemployment rate!!Population 16 years and over!!AGE!!20 to 24 years","Margin of Error!!Unemployment rate!!Population 16 years and over!!AGE!!20 to 24 years","Estimate!!Unemployment rate!!Population 16 years and over!!AGE!!25 to 29 years","Margin of Error!!Unemployment rate!!Population 16 years and over!!AGE!!25 to 29 years","Estimate!!Unemployment rate!!Population 16 years and over!!AGE!!30 to 34 years","Margin of Error!!Unemployment rate!!Population 16 years and over!!AGE!!30 to 34 years","Estimate!!Unemployment rate!!Population 16 years and over!!AGE!!35 to 44 years","Margin of Error!!Unemployment rate!!Population 16 years and over!!AGE!!35 to 44 years","Estimate!!Unemployment rate!!Population 16 years and over!!AGE!!45 to 54 years","Margin of Error!!Unemployment rate!!Population 16 years and over!!AGE!!45 to 54 years","Estimate!!Unemployment rate!!Population 16 years and over!!AGE!!55 to 59 years","Margin of Error!!Unemployment rate!!Population 16 years and over!!AGE!!55 to 59 years","Estimate!!Unemployment rate!!Population 16 years and over!!AGE!!60 to 64 years","Margin of Error!!Unemployment rate!!Population 16 years and over!!AGE!!60 to 64 years","Estimate!!Unemployment rate!!Population 16 years and over!!AGE!!65 to 74 years","Margin of Error!!Unemployment rate!!Population 16 years and over!!AGE!!65 to 74 years","Estimate!!Unemployment rate!!Population 16 years and over!!AGE!!75 years and over","Margin of Error!!Unemployment rate!!Population 16 years and over!!AGE!!75 years and over","Estimate!!Unemployment rate!!Population 16 years and over!!RACE AND HISPANIC OR LATINO ORIGIN!!White alone","Margin of Error!!Unemployment rate!!Population 16 years and over!!RACE AND HISPANIC OR LATINO ORIGIN!!White alone","Estimate!!Unemployment rate!!Population 16 years and over!!RACE AND HISPANIC OR LATINO ORIGIN!!Black or African American alone","Margin of Error!!Unemployment rate!!Population 16 years and over!!RACE AND HISPANIC OR LATINO ORIGIN!!Black or African American alone","Estimate!!Unemployment rate!!Population 16 years and over!!RACE AND HISPANIC OR LATINO ORIGIN!!American Indian and Alaska Native alone","Margin of Error!!Unemployment rate!!Population 16 years and over!!RACE AND HISPANIC OR LATINO ORIGIN!!American Indian and Alaska Native alone","Estimate!!Unemployment rate!!Population 16 years and over!!RACE AND HISPANIC OR LATINO ORIGIN!!Asian alone","Margin of Error!!Unemployment rate!!Population 16 years and over!!RACE AND HISPANIC OR LATINO ORIGIN!!Asian alone","Estimate!!Unemployment rate!!Population 16 years and over!!RACE AND HISPANIC OR LATINO ORIGIN!!Native Hawaiian and Other Pacific Islander alone","Margin of Error!!Unemployment rate!!Population 16 years and over!!RACE AND HISPANIC OR LATINO ORIGIN!!Native Hawaiian and Other Pacific Islander alone","Estimate!!Unemployment rate!!Population 16 years and over!!RACE AND HISPANIC OR LATINO ORIGIN!!Some other race alone","Margin of Error!!Unemployment rate!!Population 16 years and over!!RACE AND HISPANIC OR LATINO ORIGIN!!Some other race alone","Estimate!!Unemployment rate!!Population 16 years and over!!RACE AND HISPANIC OR LATINO ORIGIN!!Two or more races","Margin of Error!!Unemployment rate!!Population 16 years and over!!RACE AND HISPANIC OR LATINO ORIGIN!!Two or more races","Estimate!!Unemployment rate!!Population 16 years and over!!RACE AND HISPANIC OR LATINO ORIGIN!!Hispanic or Latino origin (of any race)","Margin of Error!!Unemployment rate!!Population 16 years and over!!RACE AND HISPANIC OR LATINO ORIGIN!!Hispanic or Latino origin (of any race)","Estimate!!Unemployment rate!!Population 16 years and over!!RACE AND HISPANIC OR LATINO ORIGIN!!White alone, not Hispanic or Latino","Margin of Error!!Unemployment rate!!Population 16 years and over!!RACE AND HISPANIC OR LATINO ORIGIN!!White alone, not Hispanic or Latino","Estimate!!Unemployment rate!!Population 20 to 64 years","Margin of Error!!Unemployment rate!!Population 20 to 64 years","Estimate!!Unemployment rate!!Population 20 to 64 years!!SEX!!Male","Margin of Error!!Unemployment rate!!Population 20 to 64 years!!SEX!!Male","Estimate!!Unemployment rate!!Population 20 to 64 years!!SEX!!Female","Margin of Error!!Unemployment rate!!Population 20 to 64 years!!SEX!!Female","Estimate!!Unemployment rate!!Population 20 to 64 years!!SEX!!Female!!With own children under 18 years","Margin of Error!!Unemployment rate!!Population 20 to 64 years!!SEX!!Female!!With own children under 18 years","Estimate!!Unemployment rate!!Population 20 to 64 years!!SEX!!Female!!With own children under 18 years!!With own children under 6 years only","Margin of Error!!Unemployment rate!!Population 20 to 64 years!!SEX!!Female!!With own children under 18 years!!With own children under 6 years only","Estimate!!Unemployment rate!!Population 20 to 64 years!!SEX!!Female!!With own children under 18 years!!With own children under 6 years and 6 to 17  years","Margin of Error!!Unemployment rate!!Population 20 to 64 years!!SEX!!Female!!With own children under 18 years!!With own children under 6 years and 6 to 17  years","Estimate!!Unemployment rate!!Population 20 to 64 years!!SEX!!Female!!With own children under 18 years!!With own children 6 to 17 years only","Margin of Error!!Unemployment rate!!Population 20 to 64 years!!SEX!!Female!!With own children under 18 years!!With own children 6 to 17 years only","Estimate!!Unemployment rate!!Population 20 to 64 years!!POVERTY STATUS IN THE PAST 12 MONTHS!!Below poverty level","Margin of Error!!Unemployment rate!!Population 20 to 64 years!!POVERTY STATUS IN THE PAST 12 MONTHS!!Below poverty level","Estimate!!Unemployment rate!!Population 20 to 64 years!!POVERTY STATUS IN THE PAST 12 MONTHS!!At or above the poverty level","Margin of Error!!Unemployment rate!!Population 20 to 64 years!!POVERTY STATUS IN THE PAST 12 MONTHS!!At or above the poverty level","Estimate!!Unemployment rate!!Population 20 to 64 years!!DISABILITY STATUS!!With any disability","Margin of Error!!Unemployment rate!!Population 20 to 64 years!!DISABILITY STATUS!!With any disability","Estimate!!Unemployment rate!!EDUCATIONAL ATTAINMENT!!Population 25 to 64 years","Margin of Error!!Unemployment rate!!EDUCATIONAL ATTAINMENT!!Population 25 to 64 years","Estimate!!Unemployment rate!!EDUCATIONAL ATTAINMENT!!Population 25 to 64 years!!Less than high school graduate","Margin of Error!!Unemployment rate!!EDUCATIONAL ATTAINMENT!!Population 25 to 64 years!!Less than high school graduate","Estimate!!Unemployment rate!!EDUCATIONAL ATTAINMENT!!Population 25 to 64 years!!High school graduate (includes equivalency)","Margin of Error!!Unemployment rate!!EDUCATIONAL ATTAINMENT!!Population 25 to 64 years!!High school graduate (includes equivalency)","Estimate!!Unemployment rate!!EDUCATIONAL ATTAINMENT!!Population 25 to 64 years!!Some college or associate's degree","Margin of Error!!Unemployment rate!!EDUCATIONAL ATTAINMENT!!Population 25 to 64 years!!Some college or associate's degree","Estimate!!Unemployment rate!!EDUCATIONAL ATTAINMENT!!Population 25 to 64 years!!Bachelor's degree or higher","Margin of Error!!Unemployment rate!!EDUCATIONAL ATTAINMENT!!Population 25 to 64 years!!Bachelor's degree or higher",
"1600000US1700880","Allerton village, Illinois","212","50","6","5","9","9","4","5","26","15","43","28","34","22","28","13","21","12","33","15","8","7","200","48","8","13","0","11","2","4","0","11","0","11","2","7","5","9","195","49","165","47","81","22","84","32","24","20","3","5","4","4","17","17","20","17","145","43","18","12","156","45","7","6","81","29","43","20","25","21","58.5","9.8","33.3","53.4","22.2","37.0","100.0","100.0","65.4","33.1","97.7","5.2","67.6","18.9","57.1","24.2","52.4","27.9","18.2","18.4","12.5","31.1","57.5","9.7","62.5","29.7","-","**","100.0","100.0","-","**","-","**","100.0","100.0","100.0","100.0","56.4","9.9","69.7","9.2","82.7","13.1","57.1","15.3","70.8","23.9","100.0","100.0","50.0","50.0","70.6","25.5","30.0","30.2","75.2","8.4","38.9","33.6","72.4","8.2","71.4","51.9","74.1","16.2","67.4","17.7","76.0","26.2","55.2","9.8","33.3","53.4","22.2","37.0","100.0","100.0","61.5","33.0","88.4","12.6","61.8","17.1","57.1","24.2","52.4","27.9","18.2","18.4","12.5","31.1","54.0","9.5","62.5","29.7","-","**","100.0","100.0","-","**","-","**","100.0","100.0","100.0","100.0","52.8","9.8","65.5","8.8","75.3","13.3","56.0","14.9","70.8","23.9","100.0","100.0","50.0","50.0","70.6","25.5","25.0","28.7","71.0","8.2","38.9","33.6","67.9","8.1","42.9","43.3","71.6","16.4","62.8","19.6","72.0","26.1","5.6","4.6","0.0","100.0","0.0","100.0","0.0","100.0","5.9","11.4","9.5","12.4","8.7","11.7","0.0","71.2","0.0","85.9","0.0","100.0","0.0","100.0","6.1","4.9","0.0","100.0","-","**","0.0","100.0","-","**","-","**","0.0","100.0","0.0","100.0","6.4","5.2","6.1","4.9","9.0","8.1","2.1","4.6","0.0","69.1","0.0","100.0","0.0","100.0","0.0","82.3","16.7","33.0","5.5","4.9","0.0","100.0","6.2","5.0","40.0","56.6","3.3","5.7","6.9","12.6","5.3","10.0",
"1600000US1707211","Bondville village, Illinois","402","101","30","21","31","31","10","9","17","14","65","29","89","32","54","22","26","21","43","30","37","32","382","98","6","11","0","11","2","3","0","11","0","11","12","12","19","33","363","92","292","63","160","40","132","31","34","19","12","13","0","11","22","18","58","35","234","59","44","22","261","57","20","14","89","33","106","34","46","28","59.0","9.9","13.3","17.7","100.0","51.2","70.0","36.1","82.4","26.8","86.2","13.6","70.8","14.0","51.9","20.0","46.2","18.2","39.5","25.4","13.5","18.1","60.5","9.7","0.0","100.0","-","**","100.0","100.0","-","**","-","**","33.3","33.3","36.8","13.9","61.7","10.3","72.3","8.8","79.4","11.2","63.6","14.4","70.6","36.1","100.0","82.2","-","**","54.5","42.4","43.1","33.1","79.5","7.4","31.8","28.0","69.0","8.7","75.0","31.4","46.1","16.7","83.0","10.9","78.3","17.7","57.5","9.7","13.3","17.7","100.0","51.2","70.0","36.1","82.4","26.8","83.1","15.2","70.8","14.0","48.1","19.6","38.5","17.7","39.5","25.4","13.5","18.1","58.9","9.5","0.0","100.0","-","**","100.0","100.0","-","**","-","**","33.3","33.3","36.8","13.9","60.1","10.1","70.2","8.9","76.9","11.3","62.1","14.6","70.6","36.1","100.0","82.2","-","**","54.5","42.4","43.1","33.1","76.9","7.9","27.3","26.7","66.7","8.9","75.0","31.4","43.8","16.1","81.1","11.0","73.9","18.1","2.5","2.6","0.0","100.0","0.0","51.2","0.0","100.0","0.0","76.1","3.6","6.7","0.0","35.6","7.1","11.8","16.7","28.2","0.0","69.1","0.0","100.0","2.6","2.7","-","**","-","**","0.0","100.0","-","**","-","**","0.0","100.0","0.0","100.0","2.7","2.8","2.8","2.9","3.1","3.5","2.4","4.2","0.0","58.2","0.0","82.3","-","**","0.0","82.3","0.0","57.0","3.2","3.3","14.3","25.7","3.3","3.4","0.0","73.6","4.9","7.9","2.3","3.9","5.6","9.4",
"1600000US1708420","Broadlands village, Illinois","289","62","15","9","25","19","12","9","22","11","48","19","56","33","25","13","25","16","50","17","11","8","286","62","2","3","0","11","0","11","0","11","0","11","1","2","1","2","285","62","213","59","104","33","109","33","39","21","9","7","2","3","28","19","46","34","167","47","33","20","188","50","22","29","63","25","78","25","25","12","60.2","8.8","80.0","25.9","92.0","16.1","33.3","43.3","90.9","13.9","66.7","22.2","57.1","35.3","96.0","9.7","64.0","30.3","22.0","18.8","0.0","85.9","60.1","8.8","100.0","100.0","-","**","-","**","-","**","-","**","0.0","100.0","100.0","100.0","60.0","8.8","70.9","11.8","87.5","10.4","55.0","20.8","46.2","29.2","55.6","53.4","100.0","100.0","39.3","33.6","67.4","14.9","71.9","14.6","21.2","23.5","68.1","13.1","13.6","41.1","60.3","16.9","82.1","13.1","92.0","11.4","52.2","9.2","53.3","36.0","48.0","38.5","33.3","43.3","86.4","17.2","66.7","22.2","48.2","34.0","88.0","13.8","64.0","30.3","22.0","18.8","0.0","85.9","52.8","9.2","0.0","100.0","-","**","-","**","-","**","-","**","0.0","100.0","0.0","100.0","53.0","9.3","62.0","12.4","71.2","13.3","53.2","19.7","43.6","27.4","55.6","53.4","100.0","100.0","35.7","31.8","32.6","16.1","70.1","14.1","21.2","23.5","63.8","12.7","9.1","32.2","49.2","13.5","82.1","13.1","92.0","11.4","13.2","10.2","33.3","43.6","47.8","44.2","0.0","100.0","5.0","12.0","0.0","50.4","15.6","20.3","8.3","11.5","0.0","71.2","0.0","85.9","-","**","12.2","10.3","100.0","100.0","-","**","-","**","-","**","-","**","-","**","100.0","100.0","11.7","10.6","12.6","9.0","18.7","13.5","3.3","6.0","5.6","13.0","0.0","100.0","0.0","100.0","9.1","23.1","51.6","18.4","2.5","2.8","0.0","100.0","6.3","6.1","33.3","52.3","18.4","18.6","0.0","35.3","0.0","59.4",
"1600000US1712385","Champaign city, Illinois","74678","611","8578","435","18694","897","7706","555","5733","436","9144","486","8085","431","4141","435","3917","369","4902","403","3778","346","49891","994","12341","833","92","75","10221","598","19","26","720","253","1394","307","4104","501","46590","1091","57420","835","29829","783","27591","810","6188","462","1686","251","1409","225","3093","416","15727","846","39669","884","3743","448","38726","781","2000","375","6843","691","10373","765","19510","994","61.6","1.3","25.1","3.5","55.7","3.8","82.1","4.2","85.5","3.5","87.5","3.0","84.1","3.4","74.6","5.5","58.1","4.8","35.8","5.4","8.7","3.0","61.8","1.6","69.9","3.7","66.3","34.1","49.0","4.0","52.6","52.6","70.3","12.2","70.9","7.8","68.0","5.2","61.6","1.7","72.8","1.4","75.6","2.1","69.8","2.0","79.1","3.7","81.9","6.4","73.9","7.9","79.9","6.2","43.6","4.3","86.2","1.3","52.7","7.5","81.1","1.5","66.5","10.7","73.6","4.4","83.5","2.8","83.9","2.1","58.7","1.4","21.7","3.4","53.1","3.7","75.9","4.3","80.0","4.3","84.5","3.3","81.5","3.4","73.1","5.9","56.6","4.7","34.7","5.2","8.7","3.0","59.5","1.6","62.8","3.9","66.3","34.1","48.0","4.0","52.6","52.6","67.2","12.8","63.6","9.6","65.3","5.7","59.3","1.6","69.5","1.5","70.9","2.4","68.0","2.1","76.1","3.9","81.3","6.5","72.8","8.0","74.7","7.0","38.1","4.0","83.6","1.6","47.8","7.2","77.4","1.7","58.6","10.5","66.0","4.9","79.3","3.0","82.4","2.3","4.6","0.9","13.6","5.5","4.5","1.9","7.5","3.0","5.8","2.9","3.1","1.5","2.9","1.5","2.0","1.8","2.6","3.0","2.9","2.6","0.0","8.8","3.4","0.9","9.8","2.8","0.0","36.3","2.2","1.4","0.0","90.1","4.3","7.1","10.4","9.4","4.0","2.8","3.4","0.9","4.3","0.9","5.7","1.5","2.6","0.9","3.8","2.0","0.7","1.1","1.4","2.2","6.6","3.9","12.3","3.3","2.8","0.9","9.3","5.5","4.2","1.0","11.9","7.2","10.3","3.7","4.5","1.9","1.6","0.7",
"1600000US1726194","Fisher village, Illinois","1541","205","82","35","127","73","150","65","152","58","284","90","234","76","118","48","82","31","146","63","166","49","1530","203","3","5","0","11","0","11","0","11","0","11","8","9","11","11","1523","201","1147","178","574","102","573","88","290","70","56","33","57","29","177","59","48","27","1099","172","86","37","1020","169","27","26","347","104","431","118","215","61","70.8","4.4","46.3","22.7","80.3","16.6","91.3","7.4","89.5","10.0","98.2","3.0","93.6","5.5","78.8","14.0","48.8","19.3","26.0","10.7","5.4","5.8","71.0","4.4","0.0","100.0","-","**","-","**","-","**","-","**","50.0","50.0","18.2","37.3","71.2","4.4","87.7","3.6","92.2","4.3","83.2","5.7","92.8","5.6","83.9","14.3","93.0","11.0","95.5","6.6","62.5","40.7","88.8","3.8","34.9","20.5","88.6","3.9","18.5","28.8","83.0","7.8","94.2","3.7","95.3","5.4","70.2","4.3","46.3","22.7","76.4","17.6","91.3","7.4","89.5","10.0","96.8","3.7","93.6","5.5","78.8","14.0","48.8","19.3","26.0","10.7","5.4","5.8","70.5","4.3","0.0","100.0","-","**","-","**","-","**","-","**","50.0","50.0","18.2","37.3","70.7","4.3","86.9","3.5","91.3","4.5","82.5","5.6","91.4","5.8","83.9","14.3","93.0","11.0","93.2","7.3","62.5","40.7","88.0","3.7","34.9","20.5","88.2","3.9","18.5","28.8","83.0","7.8","94.2","3.7","93.5","5.8","0.8","0.9","0.0","46.2","4.9","8.4","0.0","19.5","0.0","19.7","1.4","2.2","0.0","12.8","0.0","27.0","0.0","45.1","0.0","46.2","0.0","95.0","0.8","0.9","-","**","-","**","-","**","-","**","-","**","0.0","100.0","0.0","100.0","0.8","0.9","0.9","1.0","0.9","1.4","0.8","1.3","1.5","2.3","0.0","41.6","0.0","39.1","2.4","3.7","0.0","52.0","0.9","1.0","0.0","52.0","0.4","0.7","0.0","100.0","0.0","9.9","0.0","7.1","2.0","3.1",
"1600000US1726662","Foosland village, Illinois","51","21","0","11","0","11","8","9","7","9","3","5","5","5","4","4","6","7","9","8","9","7","51","21","0","11","0","11","0","11","0","11","0","11","0","11","2","5","49","21","33","20","19","14","14","10","4","5","0","11","4","5","0","11","0","11","33","20","3","4","33","20","0","11","22","16","9","7","2","3","56.9","22.1","-","**","-","**","75.0","38.0","85.7","44.1","100.0","100.0","100.0","100.0","100.0","100.0","66.7","62.5","0.0","95.0","11.1","35.8","56.9","22.1","-","**","-","**","-","**","-","**","-","**","-","**","100.0","100.0","55.1","22.0","84.8","13.1","89.5","19.3","78.6","22.3","25.0","62.1","-","**","25.0","62.1","-","**","-","**","84.8","13.1","33.3","66.7","84.8","13.1","-","**","86.4","15.1","77.8","37.2","100.0","100.0","56.9","22.1","-","**","-","**","75.0","38.0","85.7","44.1","100.0","100.0","100.0","100.0","100.0","100.0","66.7","62.5","0.0","95.0","11.1","35.8","56.9","22.1","-","**","-","**","-","**","-","**","-","**","-","**","100.0","100.0","55.1","22.0","84.8","13.1","89.5","19.3","78.6","22.3","25.0","62.1","-","**","25.0","62.1","-","**","-","**","84.8","13.1","33.3","66.7","84.8","13.1","-","**","86.4","15.1","77.8","37.2","100.0","100.0","0.0","52.9","-","**","-","**","0.0","100.0","0.0","100.0","0.0","100.0","0.0","100.0","0.0","100.0","0.0","100.0","-","**","0.0","100.0","0.0","52.9","-","**","-","**","-","**","-","**","-","**","-","**","0.0","100.0","0.0","54.8","0.0","53.8","0.0","69.1","0.0","85.9","0.0","100.0","-","**","0.0","100.0","-","**","-","**","0.0","53.8","0.0","100.0","0.0","53.8","-","**","0.0","65.4","0.0","100.0","0.0","100.0",
"1600000US1729145","Gifford village, Illinois","756","120","33","13","37","16","53","27","41","20","89","29","179","46","41","15","47","20","69","22","167","104","734","122","20","19","2","4","0","11","0","11","0","11","0","11","10","13","724","113","487","70","247","43","240","35","104","22","27","12","12","11","65","18","17","12","463","65","43","18","450","66","10","7","167","47","185","38","88","27","64.2","9.3","27.3","18.4","91.9","10.9","86.8","12.3","90.2","23.9","97.8","3.3","85.5","8.0","75.6","13.9","63.8","21.9","44.9","17.5","16.2","13.8","64.4","9.9","50.0","47.4","100.0","100.0","-","**","-","**","-","**","-","**","50.0","50.0","64.6","9.3","85.8","4.5","91.1","4.7","80.4","8.3","91.3","7.1","81.5","20.1","100.0","82.2","93.8","6.5","88.2","25.5","87.0","4.0","51.2","19.2","85.3","4.7","80.0","43.0","81.4","10.1","94.6","3.9","73.9","15.2","62.4","9.1","27.3","18.4","78.4","17.2","86.8","12.3","90.2","23.9","94.4","5.7","82.7","8.1","75.6","13.9","63.8","21.9","44.9","17.5","16.2","13.8","62.7","9.7","50.0","47.4","100.0","100.0","-","**","-","**","-","**","-","**","50.0","50.0","62.8","9.1","83.2","4.7","89.9","4.6","76.3","8.6","87.5","7.1","81.5","20.1","100.0","82.2","87.7","9.0","58.8","34.8","85.3","4.4","37.2","17.1","83.6","4.7","80.0","43.0","76.6","9.6","94.6","3.9","73.9","15.2","2.7","1.6","0.0","95.0","14.7","14.3","0.0","42.0","0.0","46.8","3.4","4.9","3.3","3.2","0.0","51.2","0.0","52.0","0.0","51.2","0.0","54.8","2.7","1.7","0.0","90.1","0.0","100.0","-","**","-","**","-","**","-","**","0.0","100.0","2.8","1.7","3.1","1.9","1.3","1.8","5.2","3.5","4.2","4.9","0.0","60.7","0.0","82.3","6.6","7.4","33.3","31.2","2.0","1.6","27.3","25.4","2.1","1.7","0.0","100.0","5.9","4.6","0.0","15.7","0.0","34.9",
"1600000US1735814","Homer village, Illinois","947","130","69","38","76","42","54","28","82","42","191","51","152","49","59","21","86","32","66","24","112","57","929","127","0","11","18","25","0","11","0","11","0","11","0","11","0","11","929","127","700","100","387","59","313","60","145","40","35","23","30","26","80","30","37","22","663","97","53","25","624","93","31","18","215","58","257","66","121","51","67.5","7.0","53.6","17.7","100.0","31.4","92.6","11.5","81.7","15.7","89.5","10.5","87.5","8.3","74.6","15.0","43.0","15.0","22.7","12.5","8.0","9.8","67.2","7.0","-","**","83.3","35.6","-","**","-","**","-","**","-","**","-","**","67.2","7.0","82.6","5.5","84.5","6.4","80.2","7.6","80.7","13.2","48.6","29.0","100.0","52.0","87.5","10.6","51.4","29.6","84.3","5.3","30.2","17.6","80.4","6.1","61.3","31.3","82.8","9.6","84.8","7.3","71.9","14.3","64.9","7.3","50.7","18.9","84.2","15.9","92.6","11.5","81.7","15.7","84.3","11.4","87.5","8.3","74.6","15.0","43.0","15.0","22.7","12.5","8.0","9.8","64.6","7.3","-","**","83.3","35.6","-","**","-","**","-","**","-","**","-","**","64.6","7.3","79.4","6.1","81.9","7.1","76.4","8.3","75.9","12.5","48.6","29.0","100.0","52.0","78.8","13.6","37.8","24.6","81.7","5.7","30.2","17.6","78.8","6.1","61.3","31.3","81.4","9.6","82.1","8.0","71.9","14.3","3.8","2.7","5.4","10.5","15.8","15.9","0.0","40.3","0.0","34.3","5.8","5.1","0.0","20.0","0.0","43.0","0.0","46.8","0.0","73.6","0.0","95.0","3.8","2.7","-","**","0.0","73.6","-","**","-","**","-","**","-","**","-","**","3.8","2.7","3.8","2.7","3.1","3.6","4.8","4.0","6.0","6.4","0.0","69.1","0.0","52.0","10.0","10.2","26.3","32.6","3.0","2.6","0.0","71.2","2.0","1.8","0.0","65.4","1.7","2.4","3.2","3.5","0.0","28.4",
"1600000US1737998","Ivesdale village, Illinois","216","43","8","7","16","11","12","11","17","17","44","21","37","18","13","9","25","17","25","13","19","10","216","43","0","11","0","11","0","11","0","11","0","11","0","11","0","11","216","43","164","41","81","21","83","25","23","14","1","2","6","9","16","10","17","17","147","37","5","6","148","39","8","9","57","28","54","21","29","19","65.7","9.3","37.5","53.6","100.0","71.2","75.0","32.0","76.5","28.2","81.8","17.5","100.0","46.8","100.0","79.0","40.0","33.8","20.0","22.8","0.0","65.4","65.7","9.3","-","**","-","**","-","**","-","**","-","**","-","**","-","**","65.7","9.3","81.7","10.1","87.7","8.9","75.9","14.3","73.9","29.3","0.0","100.0","33.3","66.7","93.8","22.0","47.1","25.2","85.7","9.7","80.0","71.6","79.7","11.0","87.5","56.1","68.4","24.6","87.0","10.7","86.2","13.3","62.0","9.0","37.5","53.6","100.0","71.2","75.0","32.0","64.7","26.9","72.7","21.9","97.3","5.8","92.3","23.5","40.0","33.8","20.0","22.8","0.0","65.4","62.0","9.0","-","**","-","**","-","**","-","**","-","**","-","**","-","**","62.0","9.0","76.8","11.0","77.8","14.0","75.9","14.3","73.9","29.3","0.0","100.0","33.3","66.7","93.8","22.0","41.2","24.5","81.0","10.4","80.0","71.6","74.3","11.7","62.5","62.5","66.7","25.5","77.8","14.8","86.2","13.3","5.6","6.2","0.0","100.0","0.0","71.2","0.0","95.0","15.4","28.0","11.1","18.3","2.7","5.8","7.7","23.5","0.0","90.1","0.0","100.0","-","**","5.6","6.2","-","**","-","**","-","**","-","**","-","**","-","**","-","**","5.6","6.2","6.0","6.6","11.3","12.1","0.0","35.6","0.0","69.1","-","**","0.0","100.0","0.0","73.6","12.5","31.7","5.6","6.5","0.0","100.0","6.8","7.4","28.6","66.9","2.6","7.6","10.6","14.0","0.0","57.0",
"1600000US1741346","Lake of the Woods CDP, Illinois","1699","284","60","48","152","96","96","77","242","123","270","128","243","131","226","176","36","42","225","106","149","105","1699","284","0","11","0","11","0","11","0","11","0","11","0","11","0","11","1699","284","1265","266","596","150","669","167","362","105","112","67","88","57","162","65","154","118","1111","232","95","71","1113","245","59","64","290","139","480","149","284","127","71.6","8.0","50.0","29.8","84.2","24.9","88.5","17.5","93.8","9.7","97.0","5.9","64.6","26.4","79.6","23.5","0.0","47.5","57.8","20.5","12.1","22.2","71.6","8.0","-","**","-","**","-","**","-","**","-","**","-","**","-","**","71.6","8.0","82.1","8.6","83.4","16.0","81.0","10.4","90.6","8.3","90.2","16.2","73.9","24.9","100.0","16.8","55.8","44.0","85.8","7.6","48.4","39.1","81.9","9.2","100.0","37.0","73.4","24.1","74.0","15.7","100.0","10.0","68.2","7.8","41.7","33.7","84.2","24.9","88.5","17.5","93.8","9.7","97.0","5.9","50.2","23.4","79.6","23.5","0.0","47.5","57.8","20.5","0.0","18.1","68.2","7.8","-","**","-","**","-","**","-","**","-","**","-","**","-","**","68.2","7.8","79.4","8.5","80.4","16.1","78.5","10.3","85.9","10.3","90.2","16.2","73.9","24.9","89.5","16.4","55.8","44.0","82.6","7.4","48.4","39.1","78.7","8.9","100.0","37.0","73.4","24.1","70.4","14.6","93.7","9.8","4.8","4.2","16.7","40.5","0.0","20.7","0.0","28.9","0.0","12.4","0.0","10.8","22.3","20.9","0.0","15.3","-","**","0.0","20.4","100.0","67.2","4.8","4.2","-","**","-","**","-","**","-","**","-","**","-","**","-","**","4.8","4.2","3.4","3.9","3.6","5.7","3.1","5.2","5.2","8.4","0.0","25.3","0.0","34.9","10.5","16.4","0.0","28.7","3.7","4.3","0.0","42.0","3.8","4.5","0.0","37.0","0.0","13.1","4.8","7.7","6.3","9.8",
"1600000US1744602","Longview village, Illinois","108","31","7","7","5","6","13","8","13","14","7","6","10","7","22","15","12","8","7","6","12","7","102","30","0","11","0","11","0","11","0","11","0","11","6","7","4","7","102","30","82","28","43","15","39","17","15","10","6","9","4","4","5","6","14","8","68","26","9","8","77","26","16","14","31","16","15","10","15","11","64.8","10.8","57.1","54.1","100.0","100.0","76.9","23.4","84.6","29.6","100.0","100.0","80.0","29.4","72.7","23.8","50.0","24.7","28.6","45.6","8.3","20.8","66.7","11.2","-","**","-","**","-","**","-","**","-","**","33.3","34.0","50.0","50.0","66.7","11.2","76.8","10.4","74.4","15.4","79.5","15.0","86.7","19.8","100.0","100.0","50.0","50.0","100.0","100.0","28.6","36.9","86.8","9.1","22.2","33.1","75.3","10.7","37.5","24.8","87.1","13.8","66.7","29.9","100.0","73.6","60.2","11.8","28.6","39.3","100.0","100.0","69.2","22.8","84.6","29.6","100.0","100.0","80.0","29.4","72.7","23.8","33.3","27.3","28.6","45.6","8.3","20.8","61.8","12.4","-","**","-","**","-","**","-","**","-","**","33.3","34.0","50.0","50.0","61.8","12.4","73.2","11.8","69.8","18.3","76.9","15.7","80.0","21.7","83.3","35.7","50.0","50.0","100.0","100.0","21.4","27.5","83.8","11.5","0.0","95.0","71.4","12.2","37.5","24.8","87.1","13.8","53.3","32.5","93.3","15.8","7.1","7.3","50.0","50.0","0.0","100.0","10.0","19.3","0.0","85.9","0.0","100.0","0.0","100.0","0.0","71.2","33.3","50.7","0.0","100.0","0.0","100.0","7.4","7.5","-","**","-","**","-","**","-","**","-","**","0.0","100.0","0.0","100.0","7.4","7.5","4.8","6.3","6.3","10.4","3.2","8.0","7.7","16.9","16.7","35.7","0.0","100.0","0.0","100.0","25.0","35.0","3.4","5.8","100.0","100.0","5.2","6.9","0.0","100.0","0.0","54.8","20.0","31.6","6.7","15.8",
"1600000US1745174","Ludlow village, Illinois","291","74","14","11","62","40","11","8","21","11","53","26","41","18","30","14","26","15","10","11","23","15","265","66","16","18","0","11","6","8","0","11","0","11","4","5","11","19","254","59","244","70","136","45","108","34","23","12","5","5","5","4","13","10","71","36","173","58","36","13","182","48","16","9","100","37","56","22","10","7","56.0","9.2","28.6","26.1","66.1","29.5","90.9","28.1","66.7","24.1","77.4","14.9","68.3","19.5","43.3","31.2","38.5","24.0","20.0","34.1","0.0","59.4","59.6","8.9","0.0","71.2","-","**","33.3","29.8","-","**","-","**","75.0","63.5","81.8","51.0","58.7","8.6","64.3","10.5","69.9","12.8","57.4","16.8","56.5","30.6","80.0","69.8","20.0","45.1","61.5","44.7","32.4","24.7","77.5","11.8","33.3","16.4","63.7","11.7","43.8","39.2","68.0","13.7","62.5","16.8","60.0","34.0","52.6","9.8","21.4","20.0","59.7","32.5","90.9","28.1","66.7","24.1","71.7","16.1","63.4","19.4","43.3","31.2","38.5","24.0","20.0","34.1","0.0","59.4","55.8","9.8","0.0","71.2","-","**","33.3","29.8","-","**","-","**","75.0","63.5","81.8","51.0","54.7","9.5","60.7","10.9","64.7","13.4","55.6","17.0","56.5","30.6","80.0","69.8","20.0","45.1","61.5","44.7","28.2","25.7","74.0","12.3","16.7","14.7","61.0","11.8","43.8","39.2","63.0","14.1","62.5","16.8","60.0","34.0","6.1","5.6","25.0","61.1","9.8","17.8","0.0","90.1","0.0","76.1","7.3","10.7","7.1","10.2","0.0","79.0","0.0","90.1","0.0","100.0","-","**","6.3","5.8","-","**","-","**","0.0","100.0","-","**","-","**","0.0","100.0","0.0","95.0","6.7","6.0","5.7","4.7","7.4","6.7","3.2","4.9","0.0","79.0","0.0","100.0","0.0","100.0","0.0","100.0","13.0","25.9","4.5","4.6","50.0","37.3","4.3","4.7","0.0","100.0","7.4","7.8","0.0","48.2","0.0","100.0",
"1600000US1746136","Mahomet village, Illinois","6522","294","667","222","598","272","167","81","620","258","1259","252","1165","220","624","167","560","189","545","178","317","134","6365","313","24","40","0","16","42","35","58","59","0","16","33","40","267","164","6124","365","4993","261","2366","186","2627","194","1062","133","251","89","199","90","612","147","192","126","4801","248","296","114","4395","325","19","24","667","161","1287","250","2422","328","70.7","4.4","46.6","12.0","84.3","13.3","86.2","16.2","95.0","6.3","83.7","7.2","81.5","7.2","78.5","9.2","62.5","12.0","37.2","16.5","5.0","8.6","70.6","4.5","0.0","58.2","-","**","100.0","44.0","72.4","45.7","-","**","100.0","49.6","83.5","17.5","69.9","4.8","81.7","4.3","90.4","4.1","73.9","6.6","76.1","10.3","80.1","17.0","71.4","22.9","76.0","12.7","45.3","30.3","83.2","4.2","45.3","17.9","81.4","4.1","47.4","52.6","78.4","10.9","80.4","7.1","83.0","5.2","68.9","4.4","44.7","11.7","84.3","13.3","80.2","18.2","87.3","11.9","83.7","7.2","80.2","7.1","78.5","9.2","60.7","11.7","33.9","16.2","5.0","8.6","69.0","4.5","0.0","58.2","-","**","100.0","44.0","55.2","55.0","-","**","100.0","49.6","79.8","20.0","68.2","4.8","80.1","4.3","89.6","4.0","71.5","6.8","76.1","10.3","80.1","17.0","71.4","22.9","76.0","12.7","15.1","14.7","82.6","4.2","41.9","17.6","79.5","4.1","47.4","52.6","76.9","11.1","75.4","7.4","82.6","5.2","2.5","1.7","4.2","6.4","0.0","5.8","6.9","12.8","8.1","11.8","0.0","2.8","1.7","2.6","0.0","5.9","2.9","4.8","8.9","13.9","0.0","71.2","2.3","1.7","-","**","-","**","0.0","44.0","23.8","49.7","-","**","0.0","49.6","4.5","9.1","2.5","1.8","2.1","1.8","0.9","1.2","3.3","3.6","0.0","3.6","0.0","13.8","0.0","18.9","0.0","6.2","66.7","45.7","0.7","0.8","7.5","13.0","2.3","2.0","0.0","95.0","1.9","3.3","6.2","6.3","0.5","0.9",
"1600000US1755275","Ogden village, Illinois","658","108","33","24","65","36","67","32","38","18","83","27","118","42","67","27","45","20","80","27","62","26","653","108","0","11","2","3","3","5","0","11","0","11","0","11","3","5","650","108","483","87","242","51","241","57","85","32","12","11","14","11","59","28","17","12","466","86","35","16","418","69","25","14","87","28","201","52","105","38","67.0","5.9","57.6","20.2","61.5","28.5","89.6","11.4","100.0","46.2","92.8","8.1","89.0","9.0","70.1","13.1","77.8","14.5","22.5","16.5","3.2","5.6","67.1","6.0","-","**","0.0","100.0","100.0","100.0","-","**","-","**","-","**","0.0","100.0","67.4","6.0","83.2","5.0","89.7","5.3","76.8","8.9","84.7","22.1","100.0","82.2","100.0","76.1","78.0","29.4","35.3","33.1","85.0","5.0","57.1","22.7","86.6","4.4","72.0","20.9","67.8","15.0","90.5","4.9","98.1","3.0","64.1","5.9","51.5","21.5","61.5","28.5","89.6","11.4","89.5","17.0","92.8","8.1","84.7","10.0","67.2","13.5","71.1","16.1","18.8","16.6","3.2","5.6","64.6","5.9","-","**","0.0","100.0","0.0","100.0","-","**","-","**","-","**","0.0","100.0","64.9","6.0","80.3","4.8","86.8","5.8","73.9","8.6","84.7","22.1","100.0","82.2","100.0","76.1","78.0","29.4","35.3","33.1","82.0","4.8","48.6","22.0","83.3","4.1","60.0","25.5","67.8","15.0","87.1","5.5","94.3","6.4","4.3","2.9","10.5","20.8","0.0","45.1","0.0","36.7","10.5","17.0","0.0","31.1","4.8","5.9","4.3","8.7","8.6","13.5","16.7","28.7","0.0","100.0","3.7","2.4","-","**","-","**","100.0","100.0","-","**","-","**","-","**","-","**","3.7","2.4","3.5","2.7","3.2","3.2","3.8","4.4","0.0","32.7","0.0","82.3","0.0","76.1","0.0","42.0","0.0","100.0","3.5","2.8","15.0","24.2","3.9","3.0","16.7","28.3","0.0","37.0","3.8","4.1","3.9","6.2",
"1600000US1758577","Penfield CDP, Illinois","118","50","3","5","5","8","0","11","10","12","14","17","23","23","10","8","3","4","34","24","16","13","115","49","0","11","0","11","0","11","0","11","0","11","3","5","4","5","111","48","65","43","40","25","25","19","3","5","0","11","0","11","3","5","15","15","50","31","11","16","60","41","3","5","47","40","7","7","3","4","45.8","15.0","0.0","100.0","100.0","100.0","-","**","100.0","90.1","21.4","50.7","100.0","59.4","70.0","39.5","0.0","100.0","17.6","15.0","0.0","71.2","47.0","15.7","-","**","-","**","-","**","-","**","-","**","0.0","100.0","0.0","100.0","48.6","15.8","73.8","17.7","92.5","10.9","44.0","45.1","100.0","100.0","-","**","-","**","100.0","100.0","26.7","63.1","88.0","14.3","0.0","85.9","71.7","17.6","100.0","100.0","70.2","19.0","100.0","100.0","0.0","100.0","42.4","15.7","0.0","100.0","100.0","100.0","-","**","100.0","90.1","21.4","50.7","82.6","40.4","70.0","39.5","0.0","100.0","17.6","15.0","0.0","71.2","43.5","16.2","-","**","-","**","-","**","-","**","-","**","0.0","100.0","0.0","100.0","45.0","16.4","67.7","14.2","82.5","23.6","44.0","45.1","100.0","100.0","-","**","-","**","100.0","100.0","0.0","73.6","88.0","14.3","0.0","85.9","65.0","13.2","100.0","100.0","61.7","13.9","100.0","100.0","0.0","100.0","7.4","12.7","-","**","0.0","100.0","-","**","0.0","90.1","0.0","100.0","17.4","40.4","0.0","100.0","-","**","0.0","100.0","-","**","7.4","12.7","-","**","-","**","-","**","-","**","-","**","-","**","-","**","7.4","12.7","8.3","14.6","10.8","20.4","0.0","85.9","0.0","100.0","-","**","-","**","0.0","100.0","100.0","100.0","0.0","43.0","-","**","9.3","16.3","0.0","100.0","12.1","23.1","0.0","100.0","-","**",
"1600000US1759273","Pesotum village, Illinois","430","85","19","14","34","20","38","20","43","22","43","20","78","28","48","21","54","31","33","17","40","19","405","83","0","11","12","16","0","11","0","11","3","5","10","12","6","6","405","83","338","77","175","45","163","38","36","18","21","14","2","3","13","11","29","29","309","68","32","21","304","68","5","7","126","44","106","31","67","23","66.5","9.7","21.1","34.6","76.5","26.5","81.6","14.3","100.0","43.5","74.4","21.3","87.2","11.5","77.1","15.8","40.7","29.3","60.6","19.3","7.5","11.0","67.4","9.5","-","**","0.0","82.3","-","**","-","**","100.0","100.0","100.0","90.1","100.0","100.0","67.4","9.5","76.6","10.2","80.6","9.5","72.4","13.6","72.2","21.9","90.5","17.9","100.0","100.0","38.5","50.2","10.3","26.6","82.8","8.1","28.1","27.4","76.6","10.1","60.0","60.0","69.0","20.7","83.0","11.4","82.1","14.0","62.8","9.4","21.1","34.6","61.8","31.1","73.7","18.0","100.0","43.5","74.4","21.3","84.6","11.9","64.6","21.2","40.7","29.3","60.6","19.3","7.5","11.0","63.5","9.2","-","**","0.0","82.3","-","**","-","**","100.0","100.0","100.0","90.1","100.0","100.0","63.5","9.2","71.9","10.4","71.4","11.8","72.4","13.6","72.2","21.9","90.5","17.9","100.0","100.0","38.5","50.2","10.3","26.6","77.7","8.6","28.1","27.4","73.0","9.7","60.0","60.0","67.5","20.5","74.5","13.0","82.1","14.0","5.6","5.1","0.0","100.0","19.2","28.7","9.7","16.3","0.0","43.5","0.0","50.4","2.9","4.4","16.2","24.4","0.0","60.7","0.0","63.7","0.0","100.0","5.9","5.2","-","**","-","**","-","**","-","**","0.0","100.0","0.0","90.1","0.0","100.0","5.9","5.2","6.2","5.6","11.3","10.0","0.0","22.2","0.0","55.9","0.0","65.4","0.0","100.0","0.0","100.0","0.0","100.0","6.3","5.6","0.0","95.0","4.7","4.7","0.0","100.0","2.3","3.6","10.2","11.7","0.0","38.4",
"1600000US1759533","Philo village, Illinois","1220","157","120","54","76","43","76","45","80","32","192","62","203","59","99","36","102","35","174","52","98","39","1220","157","0","11","0","11","0","11","0","11","0","11","0","11","0","11","1220","157","828","118","417","84","411","54","194","49","23","13","45","26","126","40","0","11","828","118","58","23","752","106","15","13","180","56","294","61","263","61","73.0","5.2","45.8","18.5","100.0","31.4","100.0","31.4","96.3","5.5","100.0","14.4","94.1","5.8","87.9","10.2","65.7","15.4","39.7","14.1","0.0","25.9","73.0","5.2","-","**","-","**","-","**","-","**","-","**","-","**","-","**","73.0","5.2","92.5","3.2","95.0","3.3","90.0","4.7","95.4","4.1","100.0","59.4","93.3","10.3","95.2","5.1","-","**","92.5","3.2","70.7","25.3","91.8","3.5","100.0","73.6","90.0","7.6","89.1","5.9","95.4","3.6","72.5","5.2","45.8","18.5","100.0","31.4","100.0","31.4","96.3","5.5","100.0","14.4","94.1","5.8","87.9","10.2","63.7","14.3","37.4","14.8","0.0","25.9","72.5","5.2","-","**","-","**","-","**","-","**","-","**","-","**","-","**","72.5","5.2","92.3","3.2","94.5","3.6","90.0","4.7","95.4","4.1","100.0","59.4","93.3","10.3","95.2","5.1","-","**","92.3","3.2","70.7","25.3","91.5","3.6","100.0","73.6","88.9","7.7","89.1","5.9","95.4","3.6","0.7","0.9","0.0","38.4","0.0","31.4","0.0","31.4","0.0","31.1","0.0","14.4","0.0","14.5","0.0","28.4","3.0","6.9","5.8","10.0","-","**","0.7","0.9","-","**","-","**","-","**","-","**","-","**","-","**","-","**","0.7","0.9","0.3","0.6","0.5","1.3","0.0","7.8","0.0","14.9","0.0","59.4","0.0","44.0","0.0","21.9","-","**","0.3","0.6","0.0","44.5","0.3","0.7","0.0","73.6","1.2","3.1","0.0","10.8","0.0","11.3",
"1600000US1762783","Rantoul village, Illinois","9602","442","989","263","796","242","1134","343","725","192","1488","270","1393","262","600","132","766","185","938","164","773","147","7065","491","1781","382","14","19","265","182","0","18","196","160","281","130","906","261","6427","503","6902","433","3213","304","3689","294","1487","164","273","123","388","130","826","177","1136","294","5766","499","961","195","6106","381","634","217","2359","379","2099","297","1014","246","64.0","3.4","16.7","7.5","88.8","7.8","90.9","6.7","87.2","6.8","90.1","4.3","72.7","9.2","65.0","10.3","73.1","12.7","22.3","8.7","12.2","6.1","59.6","3.8","74.3","8.4","100.0","76.1","81.1","13.6","-","**","70.4","37.8","85.1","12.6","55.4","14.3","60.7","3.9","82.2","3.6","86.9","3.9","78.2","5.5","80.2","8.2","97.1","5.0","71.9","15.1","78.5","12.7","52.9","10.0","88.0","3.2","47.7","11.2","81.3","3.7","62.0","16.1","80.0","5.3","82.5","6.0","94.1","4.6","60.1","3.3","16.7","7.5","74.4","13.5","84.0","8.5","78.5","11.1","88.8","4.6","68.0","9.0","61.7","10.7","72.2","12.7","22.3","8.7","12.2","6.1","58.0","3.7","63.4","8.9","100.0","76.1","81.1","13.6","-","**","70.4","37.8","63.0","15.7","52.0","13.4","59.4","4.0","76.9","3.7","81.9","4.7","72.5","6.1","75.7","8.6","89.4","14.2","70.6","14.7","73.6","13.2","47.1","10.1","82.7","3.8","46.2","11.0","77.2","3.9","61.2","16.1","75.5","5.7","78.0","6.5","89.3","6.7","6.0","2.8","0.0","16.6","16.3","15.6","7.6","6.4","10.0","10.4","1.5","2.3","6.5","4.5","5.1","5.6","1.3","1.9","0.0","13.3","0.0","26.8","2.7","1.7","14.6","9.2","0.0","76.1","0.0","13.0","-","**","0.0","19.4","25.9","18.1","6.2","8.3","2.1","1.5","6.5","3.0","5.8","4.1","7.2","4.1","5.5","4.4","7.9","13.3","1.8","2.7","6.2","6.3","11.0","8.4","6.0","3.4","3.1","4.6","5.1","2.4","1.3","2.0","5.7","3.4","5.4","4.3","5.0","6.5",
"1600000US1766157","Royal village, Illinois","267","57","2","6","14","11","16","16","41","26","28","25","24","14","30","13","27","12","36","19","49","23","265","58","0","11","0","11","0","11","0","11","0","11","2","4","0","11","265","58","180","51","92","29","88","31","31","19","5","8","13","13","13","11","7","10","173","50","8","7","166","47","0","11","40","15","66","28","60","29","65.5","11.1","100.0","100.0","100.0","76.1","100.0","71.2","95.1","11.8","100.0","53.8","87.5","17.8","96.7","9.5","51.9","30.4","22.2","23.5","8.2","12.4","65.3","11.2","-","**","-","**","-","**","-","**","-","**","100.0","100.0","-","**","65.3","11.2","89.4","6.1","96.7","5.1","81.8","9.6","93.5","14.5","100.0","100.0","84.6","38.0","100.0","79.0","71.4","48.7","90.2","6.4","62.5","48.4","88.6","6.5","-","**","82.5","15.9","87.9","8.5","93.3","9.0","64.8","11.2","100.0","100.0","100.0","76.1","100.0","71.2","95.1","11.8","100.0","53.8","87.5","17.8","96.7","9.5","44.4","31.7","22.2","23.5","8.2","12.4","64.5","11.3","-","**","-","**","-","**","-","**","-","**","100.0","100.0","-","**","64.5","11.3","88.3","6.3","94.6","6.3","81.8","9.6","93.5","14.5","100.0","100.0","84.6","38.0","100.0","79.0","71.4","48.7","89.0","6.7","62.5","48.4","87.3","6.7","-","**","77.5","16.9","87.9","8.5","93.3","9.0","1.1","1.8","0.0","100.0","0.0","76.1","0.0","71.2","0.0","45.6","0.0","53.8","0.0","62.2","0.0","52.9","14.3","21.4","0.0","100.0","0.0","100.0","1.2","1.8","-","**","-","**","-","**","-","**","-","**","0.0","100.0","-","**","1.2","1.8","1.2","2.0","2.2","3.6","0.0","32.7","0.0","52.9","0.0","100.0","0.0","85.9","0.0","79.0","0.0","100.0","1.3","2.0","0.0","100.0","1.4","2.1","-","**","6.1","9.7","0.0","37.4","0.0","38.1",
"1600000US1766534","Sadorus village, Illinois","289","64","8","8","10","11","17","12","13","8","34","21","36","23","47","20","33","20","69","25","22","11","288","63","0","11","1","2","0","11","0","11","0","11","0","11","3","4","285","64","190","55","101","30","89","32","16","14","3","7","3","4","10","10","15","10","175","52","10","10","180","53","35","24","64","21","53","22","28","18","61.2","10.0","50.0","50.0","70.0","51.6","88.2","15.4","84.6","23.7","73.5","23.6","66.7","22.0","95.7","8.2","75.8","20.9","29.0","14.3","4.5","18.1","61.5","10.1","-","**","0.0","100.0","-","**","-","**","-","**","-","**","100.0","100.0","61.1","10.2","80.0","8.7","81.2","10.7","78.7","13.3","87.5","22.8","100.0","100.0","100.0","100.0","80.0","36.7","46.7","47.3","82.9","8.5","20.0","38.1","80.6","8.4","60.0","29.2","84.4","9.9","88.7","12.9","82.1","22.0","59.9","10.1","50.0","50.0","70.0","51.6","88.2","15.4","84.6","23.7","73.5","23.6","55.6","25.1","95.7","8.2","75.8","20.9","29.0","14.3","4.5","18.1","60.1","10.2","-","**","0.0","100.0","-","**","-","**","-","**","-","**","100.0","100.0","59.6","10.3","77.9","9.5","81.2","10.7","74.2","14.4","87.5","22.8","100.0","100.0","100.0","100.0","80.0","36.7","46.7","47.3","80.6","9.4","20.0","38.1","78.3","9.3","60.0","29.2","79.7","11.7","86.8","12.3","82.1","22.0","2.3","2.7","0.0","100.0","0.0","100.0","0.0","73.6","0.0","85.9","0.0","57.0","16.7","16.9","0.0","42.5","0.0","57.0","0.0","63.7","0.0","100.0","2.3","2.7","-","**","-","**","-","**","-","**","-","**","-","**","0.0","100.0","2.3","2.8","2.6","3.1","0.0","29.7","5.7","7.0","0.0","76.1","0.0","100.0","0.0","100.0","0.0","100.0","0.0","100.0","2.8","3.3","0.0","100.0","2.8","3.3","0.0","62.2","5.6","7.7","2.1","5.3","0.0","59.4",
"1600000US1766950","St. Joseph village, Illinois","3280","312","160","114","318","131","106","63","295","101","687","159","397","127","238","101","541","295","366","124","172","77","3224","296","1","4","0","11","55","64","0","11","0","11","0","11","44","61","3180","288","2582","272","1196","208","1386","164","766","114","202","106","99","60","465","112","145","106","2437","305","250","206","2264","286","18","21","612","319","829","203","805","217","68.2","6.7","14.4","19.0","85.8","13.7","75.5","27.9","100.0","9.7","95.5","4.9","99.0","1.5","86.6","13.2","42.3","20.4","22.4","10.5","0.0","15.9","69.0","7.0","100.0","100.0","-","**","21.8","50.8","-","**","-","**","-","**","95.5","14.8","68.6","7.2","82.6","7.1","84.8","16.0","80.7","7.8","95.8","4.1","100.0","13.8","94.9","12.5","94.2","6.6","77.9","24.1","82.8","7.4","5.6","9.8","82.1","7.8","77.8","42.2","61.8","22.1","83.0","9.6","96.8","3.5","66.9","6.5","14.4","19.0","77.4","17.9","75.5","27.9","100.0","9.7","95.5","4.9","99.0","1.5","80.3","15.6","42.3","20.4","22.4","10.5","0.0","15.9","67.7","6.9","100.0","100.0","-","**","21.8","50.8","-","**","-","**","-","**","95.5","14.8","67.3","7.0","80.9","6.9","81.3","15.8","80.7","7.8","95.8","4.1","100.0","13.8","94.9","12.5","94.2","6.6","77.9","24.1","81.1","7.2","5.6","9.8","81.4","7.7","77.8","42.2","61.8","22.1","81.2","9.6","96.8","3.5","1.9","2.0","0.0","59.4","9.9","14.9","0.0","30.3","0.0","9.7","0.0","4.5","0.0","7.3","7.3","10.9","0.0","12.3","0.0","29.7","-","**","1.9","2.1","0.0","100.0","-","**","0.0","82.3","-","**","-","**","-","**","0.0","44.0","1.9","2.1","2.0","2.1","4.1","4.5","0.0","2.6","0.0","4.0","0.0","13.8","0.0","26.8","0.0","6.6","0.0","23.0","2.1","2.3","0.0","76.1","0.8","1.2","0.0","76.1","0.0","7.6","2.2","3.1","0.0","3.8",
"1600000US1767860","Savoy village, Illinois","7036","401","467","144","1215","369","467","118","715","159","1180","240","961","160","208","84","329","89","827","164","667","158","5296","444","364","191","0","16","1245","226","0","16","52","87","79","65","191","127","5136","447","5075","353","2288","268","2787","379","794","104","248","76","108","47","438","90","998","371","4052","349","162","81","3860","297","96","61","249","116","698","231","2817","237","57.9","5.0","37.7","19.1","56.1","19.1","78.2","13.8","69.2","9.1","87.9","5.4","85.5","7.4","66.3","18.7","53.5","15.9","21.4","9.7","1.2","2.0","57.7","6.4","40.4","19.2","-","**","62.7","8.1","-","**","100.0","39.5","54.4","44.5","73.3","20.1","56.9","6.6","73.2","6.7","79.5","9.0","68.0","9.2","69.4","10.4","46.4","19.5","84.3","18.6","78.8","10.8","29.3","13.8","84.5","4.0","48.8","24.6","78.6","4.6","36.5","31.4","46.2","26.3","84.8","10.1","81.3","4.2","55.4","5.0","30.0","17.4","47.3","18.9","78.2","13.8","67.0","9.7","87.1","5.5","85.5","7.4","66.3","18.7","50.8","15.6","21.4","9.7","1.2","2.0","54.7","6.4","40.4","19.2","-","**","61.9","8.0","-","**","100.0","39.5","43.0","37.9","68.6","20.5","53.8","6.6","70.4","6.7","78.8","9.0","63.5","9.3","69.4","10.4","46.4","19.5","84.3","18.6","78.8","10.8","25.5","13.0","81.9","4.4","48.8","24.6","77.7","4.7","36.5","31.4","46.2","26.3","83.5","10.5","80.4","4.3","4.3","2.7","20.5","20.4","15.7","15.0","0.0","7.9","3.2","5.1","0.9","1.4","0.0","3.6","0.0","19.4","5.1","8.7","0.0","15.5","0.0","100.0","5.2","3.7","0.0","18.4","-","**","1.2","1.9","-","**","0.0","39.5","20.9","23.5","6.4","10.5","5.4","3.9","3.8","2.8","0.9","1.4","6.6","5.4","0.0","5.3","0.0","22.7","0.0","27.5","0.0","8.3","13.0","14.9","3.0","2.8","0.0","30.6","1.1","0.9","0.0","48.2","0.0","22.7","1.5","2.6","1.1","1.0",
"1600000US1768809","Seymour CDP, Illinois","204","122","63","55","0","11","31","40","6","9","52","50","30","43","11","16","0","11","0","11","11","16","204","122","0","11","0","11","0","11","0","11","0","11","0","11","0","11","204","122","130","70","40","29","90","55","71","57","5","8","12","19","54","58","36","49","94","60","0","11","130","70","0","11","67","54","43","31","20","23","88.2","9.0","87.3","24.1","-","**","83.9","38.7","100.0","100.0","100.0","39.5","100.0","52.0","100.0","85.9","-","**","-","**","0.0","85.9","88.2","9.0","-","**","-","**","-","**","-","**","-","**","-","**","-","**","88.2","9.0","96.2","7.3","100.0","45.1","94.4","11.6","93.0","17.0","0.0","100.0","100.0","82.2","100.0","38.8","100.0","47.5","94.7","9.3","-","**","96.2","7.3","-","**","92.5","17.3","100.0","43.5","100.0","63.7","88.2","9.0","87.3","24.1","-","**","83.9","38.7","100.0","100.0","100.0","39.5","100.0","52.0","100.0","85.9","-","**","-","**","0.0","85.9","88.2","9.0","-","**","-","**","-","**","-","**","-","**","-","**","-","**","88.2","9.0","96.2","7.3","100.0","45.1","94.4","11.6","93.0","17.0","0.0","100.0","100.0","82.2","100.0","38.8","100.0","47.5","94.7","9.3","-","**","96.2","7.3","-","**","92.5","17.3","100.0","43.5","100.0","63.7","0.0","15.3","0.0","38.4","-","**","0.0","55.9","0.0","100.0","0.0","39.5","0.0","52.0","0.0","85.9","-","**","-","**","-","**","0.0","15.3","-","**","-","**","-","**","-","**","-","**","-","**","-","**","0.0","15.3","0.0","21.1","0.0","45.1","0.0","28.9","0.0","34.6","-","**","0.0","82.3","0.0","38.8","0.0","47.5","0.0","27.9","-","**","0.0","21.1","-","**","0.0","36.0","0.0","43.5","0.0","63.7",
"1600000US1769875","Sidney village, Illinois","980","101","42","24","65","33","82","48","80","33","184","61","217","56","80","25","68","23","73","25","89","28","965","100","0","11","0","11","7","8","0","11","5","7","3","5","14","12","956","101","776","94","392","56","384","50","157","45","33","20","16","13","108","38","27","21","749","92","65","27","711","87","32","19","121","34","367","63","191","54","73.2","4.5","35.7","21.3","90.8","14.9","84.1","16.4","95.0","7.3","91.8","5.6","85.7","7.8","85.0","10.4","69.1","15.9","32.9","16.9","4.5","8.8","73.3","4.5","-","**","-","**","100.0","100.0","-","**","0.0","100.0","100.0","100.0","28.6","41.0","73.5","4.6","86.9","3.4","88.5","5.1","85.2","5.5","91.7","5.7","100.0","49.6","81.3","28.7","90.7","6.9","88.9","14.6","86.8","3.6","64.6","16.6","86.5","3.6","40.6","31.5","85.1","8.2","86.6","4.7","94.8","7.1","70.4","4.7","35.7","21.3","55.4","20.9","84.1","16.4","95.0","7.3","91.8","5.6","83.9","7.5","85.0","10.4","69.1","15.9","32.9","16.9","4.5","8.8","70.5","4.8","-","**","-","**","100.0","100.0","-","**","0.0","100.0","100.0","100.0","28.6","41.0","70.7","4.9","83.4","4.1","86.5","5.3","80.2","7.9","89.2","6.4","100.0","49.6","81.3","28.7","87.0","8.1","88.9","14.6","83.2","4.3","53.8","17.9","85.9","3.5","40.6","31.5","85.1","8.2","85.6","4.8","94.8","7.1","3.8","3.0","0.0","73.6","39.0","22.6","0.0","33.6","0.0","31.4","0.0","16.2","2.2","2.8","0.0","33.9","0.0","41.6","0.0","58.2","0.0","100.0","3.8","3.0","-","**","-","**","0.0","100.0","-","**","-","**","0.0","100.0","0.0","100.0","3.8","3.0","4.0","3.2","2.3","3.2","5.8","5.7","2.8","3.8","0.0","49.6","0.0","79.0","4.1","5.4","0.0","58.2","4.2","3.3","16.7","22.3","0.7","0.9","0.0","79.0","0.0","24.9","1.3","1.7","0.0","15.2",
"1600000US1775107","Thomasboro village, Illinois","865","110","29","19","95","51","93","28","50","23","97","26","173","51","78","27","60","25","132","36","58","22","822","105","23","20","3","4","0","11","0","11","0","11","17","20","3","4","819","106","646","92","345","66","301","50","53","16","16","9","10","8","27","14","70","33","576","92","65","22","551","78","34","14","255","55","194","48","68","25","68.3","5.7","75.9","20.5","90.5","12.7","84.9","11.8","70.0","26.8","94.8","7.4","90.8","8.0","79.5","12.7","50.0","21.2","21.2","8.9","0.0","37.4","67.5","5.9","100.0","59.4","0.0","100.0","-","**","-","**","-","**","76.5","22.1","100.0","100.0","67.4","5.9","83.7","5.5","85.5","7.4","81.7","6.5","96.2","6.5","100.0","71.2","100.0","90.1","92.6","12.0","40.0","18.9","89.1","4.8","47.7","16.4","82.6","5.3","91.2","12.9","72.9","8.6","90.2","6.2","92.6","7.1","62.7","6.3","34.5","27.7","85.3","15.3","74.2","16.1","70.0","26.8","86.6","10.3","89.0","8.5","69.2","18.2","45.0","18.2","21.2","8.9","0.0","37.4","63.4","6.3","78.3","31.5","0.0","100.0","-","**","-","**","-","**","17.6","30.0","100.0","100.0","63.2","6.3","78.0","6.3","77.4","8.7","78.7","7.5","84.9","13.1","100.0","71.2","100.0","90.1","70.4","20.8","27.1","13.4","84.2","5.6","47.7","16.4","76.8","6.0","70.6","21.2","66.3","9.1","88.7","6.4","85.3","11.4","8.3","4.0","54.5","34.9","5.8","8.8","12.7","10.3","0.0","48.2","8.7","8.1","1.9","3.3","12.9","18.1","10.0","16.4","0.0","53.8","-","**","6.1","3.2","21.7","31.5","-","**","-","**","-","**","-","**","76.9","39.5","0.0","100.0","6.2","3.3","6.8","3.6","9.5","6.2","3.7","3.2","11.8","11.5","0.0","71.2","0.0","90.1","24.0","19.7","32.1","21.1","5.5","3.4","0.0","51.2","7.0","3.7","22.6","20.7","9.1","7.2","1.7","2.3","7.9","10.6",
"1600000US1775614","Tolono village, Illinois","2447","330","239","120","160","102","77","48","308","135","586","161","422","103","205","80","202","108","86","55","162","100","2259","315","109","99","0","11","27","41","0","11","0","11","52","52","80","63","2179","309","1960","277","965","194","995","155","448","114","87","50","56","65","305","100","198","98","1762","273","171","74","1800","254","11","15","591","169","651","147","547","144","76.5","6.5","64.9","14.0","84.4","28.5","97.4","5.8","85.1","16.6","97.8","3.4","85.1","16.5","99.5","2.3","40.1","26.0","31.4","32.0","0.0","16.8","75.9","6.8","70.6","42.9","-","**","100.0","54.8","-","**","-","**","100.0","39.5","100.0","30.3","75.0","7.0","86.2","6.5","90.8","6.8","81.7","9.7","89.3","9.6","100.0","28.4","80.4","40.5","87.9","13.4","45.5","37.9","90.7","4.8","55.6","30.6","86.3","7.2","90.9","46.0","78.7","16.1","85.6","11.5","95.4","4.8","75.1","6.9","64.9","14.0","72.5","36.9","97.4","5.8","85.1","16.6","97.8","3.4","85.1","16.5","99.5","2.3","40.1","26.0","15.1","23.6","0.0","16.8","74.5","7.2","70.6","42.9","-","**","100.0","54.8","-","**","-","**","100.0","39.5","100.0","30.3","73.5","7.5","85.2","6.8","90.8","6.8","79.8","10.1","89.3","9.6","100.0","28.4","80.4","40.5","87.9","13.4","45.5","37.9","89.7","5.4","55.6","30.6","86.3","7.2","90.9","46.0","78.7","16.1","85.6","11.5","95.4","4.8","1.8","2.1","0.0","17.5","14.1","25.9","0.0","31.7","0.0","10.8","0.0","5.1","0.0","8.0","0.0","13.6","0.0","30.0","51.9","51.9","-","**","1.9","2.3","0.0","31.1","-","**","0.0","54.8","-","**","-","**","0.0","39.5","0.0","30.3","2.0","2.4","1.1","1.9","0.0","3.4","2.3","3.8","0.0","7.2","0.0","28.4","0.0","42.5","0.0","10.6","0.0","27.7","1.2","2.0","0.0","26.5","0.0","1.9","0.0","90.1","0.0","6.2","0.0","5.2","0.0","5.6",
"1600000US1777005","Urbana city, Illinois","37830","441","6307","430","10080","673","4949","561","3090","356","3636","431","2769","328","1611","266","1463","218","2115","279","1810","234","23089","670","5507","633","152","102","7768","573","89","130","384","161","841","207","2447","322","21128","728","27598","581","14400","619","13198","593","2659","272","892","245","477","144","1290","258","8594","727","17278","848","1801","255","17518","654","703","226","2345","388","3602","424","10868","775","57.2","2.0","23.5","3.5","54.5","5.1","78.7","4.4","82.2","4.2","86.4","4.7","84.4","4.9","82.6","6.9","61.0","8.2","20.8","5.2","4.3","2.6","59.5","2.3","63.7","6.4","74.3","24.6","42.4","5.2","88.8","36.3","72.1","17.9","74.3","10.6","65.2","8.0","59.4","2.4","71.1","2.3","70.5","3.3","71.8","3.0","84.9","4.4","79.8","6.9","83.0","11.1","89.1","7.1","44.8","4.6","88.7","1.8","64.2","7.6","80.7","2.2","61.9","11.8","73.5","7.6","79.8","5.6","83.8","2.2","53.5","2.0","21.6","3.4","49.6","4.4","74.3","4.8","78.8","5.1","81.6","5.4","77.9","5.5","80.0","7.0","58.8","7.7","20.1","5.0","4.3","2.6","56.2","2.4","55.6","6.7","63.2","32.7","41.0","5.3","88.8","36.3","72.1","17.9","69.0","10.9","61.5","7.9","56.1","2.5","66.6","2.3","65.1","3.3","68.2","3.1","80.4","6.0","73.5","11.1","77.4","12.7","86.3","7.9","35.8","4.8","86.0","2.0","50.9","8.3","76.4","2.4","59.2","12.1","63.8","8.3","75.6","6.2","80.5","2.5","6.4","1.3","7.9","4.9","9.1","3.1","5.6","3.3","4.2","3.0","5.5","3.4","7.8","4.3","3.2","3.9","3.6","3.9","3.0","4.5","0.0","31.1","5.5","1.8","12.7","5.1","15.0","23.6","3.5","2.0","0.0","30.6","0.0","10.3","7.2","6.3","5.6","4.1","5.5","1.7","6.4","1.4","7.7","2.2","5.0","1.8","5.3","4.3","7.9","10.9","6.8","7.8","3.1","4.4","20.0","6.5","3.1","1.1","20.7","9.5","5.3","1.4","4.4","6.2","13.1","6.3","5.3","3.5","3.9","1.5",
